0 0.7702101359703337 0.2806451612903226 0.028347754429336704 0.03118279569892473
0 0.0796044499381953 0.25967741935483873 0.042521631644004916 0.02258064516129032
0 0.5937783271528636 0.07473118279569893 0.036093943139678675 0.01935483870967742
0 0.6782035434693038 0.6989247311827957 0.04243922538112915 0.021505376344086023
0 0.22863617634940253 0.47634408602150535 0.05018541409147098 0.025806451612903226
0 0.18883395138030487 0.874731182795699 0.027029254223320982 0.013978494623655914
0 0.8553770086526576 0.2903225806451613 0.02851256695508851 0.03333333333333333
0 0.33020189534404615 0.8768817204301075 0.03980222496909771 0.01935483870967742
0 0.9362175525339927 0.30806451612903224 0.031314379892872043 0.03763440860215054
0 0.8971157807993407 0.689247311827957 0.04499381953028441 0.02258064516129032
0 0.12468067573135559 0.08279569892473118 0.04367531932426862 0.021505376344086023
0 0.7093943139678616 0.646774193548387 0.048866913885455256 0.024731182795698924
0 0.9101771734651832 0.3010752688172043 0.029583848372476382 0.03118279569892473
0 0.01450350226617223 0.5521505376344086 0.02900700453234446 0.02258064516129032
0 0.43864853728883396 0.8973118279569893 0.033456942727647224 0.017204301075268817
0 0.4737948084054388 0.13225806451612904 0.03370416151627522 0.02043010752688172
0 0.5211372064276886 0.13548387096774195 0.020766378244746544 0.012903225806451613
0 0.0021013597033374526 0.8172043010752689 0.004202719406674905 0.01827956989247312
0 0.657354758961681 0.11612903225806452 0.04581788215904401 0.017204301075268817
0 0.911413267408323 0.6155913978494624 0.037165224557066265 0.017204301075268817
0 0.6907704985578903 0.7123655913978495 0.042521631644005055 0.02258064516129032
0 0.5814585908529047 0.12258064516129032 0.022002472187886223 0.012903225806451613
0 0.3096415327564895 0.9516129032258065 0.03081994231561606 0.015053763440860216
0 0.6991759373712402 0.7559139784946236 0.03543469303667088 0.043010752688172046
0 0.3216316440049444 0.48870967741935484 0.049938195302842985 0.02258064516129032
0 0.10741656365883807 0.832258064516129 0.02950144210960034 0.013978494623655914
0 0.6477544293366295 0.09623655913978495 0.03477544293366309 0.01827956989247312
0 0.7057272352698806 0.17043010752688173 0.02323856613102618 0.02903225806451613
0 0.0634116192830655 0.3096774193548387 0.052740008240626274 0.026881720430107527
0 0.5585084466419448 0.19623655913978494 0.03971981870622166 0.01827956989247312
0 0.007828594973217962 0.8317204301075268 0.015657189946435925 0.023655913978494623
0 0.5658426040379069 0.47956989247311826 0.03081994231561606 0.015053763440860216
0 0.5585496497733828 0.7279569892473118 0.020354346930366744 0.023655913978494623
0 0.5187062216728471 0.17526881720430107 0.04103831891223739 0.01935483870967742
0 0.5282653481664606 0.11505376344086021 0.023320972393901945 0.013978494623655914
0 0.5898640296662546 0.15806451612903225 0.020519159456118694 0.025806451612903226
0 0.553358055212196 0.5456989247311828 0.033456942727647224 0.017204301075268817
0 0.18718582612278534 0.8397849462365592 0.03337453646477132 0.016129032258064516
0 0.6170580964153276 0.10967741935483871 0.023320972393901945 0.013978494623655914
0 0.33069633292130196 0.8623655913978494 0.030902348578491966 0.016129032258064516
0 0.21821178409559125 0.16881720430107527 0.029666254635352288 0.016129032258064516
0 0.5079110012360939 0.6387096774193548 0.026864441697569033 0.02795698924731183
0 0.5951380304903173 0.12150537634408602 0.024557066337041484 0.013978494623655914
0 0.02340337865677792 0.4768817204301075 0.045076225793160285 0.023655913978494623
0 0.14680675731355586 0.2295698924731183 0.02843016069221261 0.016129032258064516
0 0.03428100535640709 0.8268817204301075 0.029666254635352288 0.016129032258064516
0 0.3590440873506387 0.15376344086021507 0.036011536876802766 0.01827956989247312
0 0.8845076225793161 0.289247311827957 0.03584672435105068 0.04838709677419355
0 0.5466007416563659 0.15 0.017799752781211344 0.02258064516129032
0 0.44449938195302846 0.5870967741935483 0.04351050679851674 0.01935483870967742
0 0.965224557066337 0.30053763440860215 0.027194066749072928 0.04838709677419355
0 0.6202307375360527 0.47956989247311826 0.07878038730943554 0.02795698924731183
0 0.3725999175937371 0.19462365591397848 0.030902348578491966 0.016129032258064516
0 0.9086114544705397 0.6763440860215054 0.030984754841367868 0.017204301075268817
0 0.12517511330861147 0.1086021505376344 0.03246806757313554 0.02043010752688172
0 0.26386485372888335 0.7102150537634409 0.05142150803461066 0.025806451612903226
0 0.6667078697981045 0.49408602150537634 0.03601153687680249 0.01827956989247312
0 0.2519571487433045 0.5913978494623656 0.05883807169344873 0.025806451612903226
0 0.06905644829007004 0.28440860215053765 0.04853728883395138 0.02043010752688172
0 0.3900700453234446 0.8618279569892473 0.05603625875566548 0.021505376344086023
0 0.021096003296250516 0.5021505376344086 0.04219200659250103 0.024731182795698924
0 0.07095179233621755 0.832258064516129 0.027111660486196957 0.015053763440860216
0 0.496168108776267 0.11451612903225807 0.03337453646477132 0.016129032258064516
0 0.2134322208487845 0.239247311827957 0.024639472599917597 0.015053763440860216
0 0.00243098475484137 0.65 0.00486196950968274 0.023655913978494623
0 0.8276885043263288 0.885483870967742 0.04235681911825297 0.02043010752688172
0 0.32402142562834774 0.8930107526881721 0.03081994231561606 0.015053763440860216
0 0.8288009888751545 0.28225806451612906 0.03592913061392659 0.04946236559139785
0 0.06044499381953028 0.8161290322580645 0.05356407086938607 0.021505376344086023
0 0.4017717346518335 0.8865591397849463 0.029666254635352288 0.016129032258064516
0 0.6863205603625876 0.9317204301075269 0.033456942727647224 0.017204301075268817
0 0.8007416563658838 0.27741935483870966 0.031726411207251566 0.043010752688172046
0 0.5459002884219201 0.8930107526881721 0.029583848372476382 0.015053763440860216
0 0.15488257107540174 0.16451612903225807 0.0261227853316852 0.034408602150537634
0 0.584095591264936 0.693010752688172 0.017964565306963293 0.024731182795698924
0 0.18273588792748247 0.1639784946236559 0.024392253811289677 0.02795698924731183
0 0.6524103831891224 0.14838709677419354 0.020601565718994456 0.026881720430107527
0 0.2142974866089823 0.18763440860215053 0.021837659662134277 0.026881720430107527
0 0.6475896168108776 0.9290322580645162 0.032138442521631644 0.016129032258064516
0 0.5929130613926658 0.9973118279569892 0.028842192006592406 0.005376344086021506
0 0.8213020189534406 0.9849462365591398 0.01944787803873068 0.011827956989247311
0 0.6382365059744541 0.1478494623655914 0.018541409147095178 0.016129032258064516
0 0.4098063452822414 0.8059139784946237 0.032220848784507546 0.017204301075268817
0 0.5596621343222085 0.11666666666666667 0.023320972393901945 0.013978494623655914
0 0.6451998351874743 0.9440860215053763 0.026040379068809155 0.017204301075268817
0 0.22546353522867738 0.6306451612903226 0.03477544293366295 0.01827956989247312
0 0.6210960032962506 0.9037634408602151 0.032138442521631644 0.016129032258064516
0 0.6998763906056861 0.6741935483870968 0.06526576019777526 0.02903225806451613
0 0.4362999587968686 0.806989247311828 0.032138442521631644 0.016129032258064516
0 0.6574371652245571 0.5586021505376344 0.036011536876802766 0.01827956989247312
0 0.01703749484960857 0.5263440860215054 0.03407498969921714 0.02258064516129032
0 0.6758137618459004 0.18978494623655914 0.022332097239390118 0.017204301075268817
0 0.5398022249690977 0.9241935483870968 0.037247630819942305 0.01827956989247312
0 0.10494437577255872 0.8483870967741935 0.037165224557066334 0.017204301075268817
0 0.16621343222084878 0.871505376344086 0.021837659662134346 0.010752688172043012
0 0.7175525339925835 0.10483870967741936 0.04738360115368759 0.021505376344086023
0 0.7242274412855376 0.9693548387096774 0.02571075401730526 0.012903225806451613
0 0.06971569839307788 0.8403225806451613 0.025793160280181304 0.013978494623655914
0 0.43172641120725175 0.8182795698924731 0.0407911001236094 0.016129032258064516
0 0.5871858261227852 0.7413978494623656 0.030243098475484176 0.03978494623655914
0 0.04445817882159044 0.9279569892473118 0.02826534816646066 0.013978494623655914
0 0.553770086526576 0.6209677419354839 0.02851256695508851 0.017204301075268817
0 0.4813349814585908 0.2032258064516129 0.04466419447878038 0.01827956989247312
0 0.5007004532344458 0.6682795698924732 0.021425628347754477 0.021505376344086023
0 0.169138854552946 0.696236559139785 0.04647713226205195 0.025806451612903226
0 0.3198599093531108 0.906989247311828 0.04235681911825297 0.02043010752688172
0 0.6638648537288834 0.8376344086021505 0.06724351050679862 0.02258064516129032
0 0.3920065925010301 0.8526881720430107 0.027111660486197026 0.015053763440860216
0 0.37919241862381536 0.18924731182795698 0.0407911001236094 0.016129032258064516
0 0.5945611866501854 0.6935483870967742 0.020766378244746544 0.02903225806451613
0 0.5596621343222085 0.6973118279569892 0.025793160280181304 0.013978494623655914
0 0.5721878862793572 0.6387096774193548 0.021425628347754334 0.021505376344086023
0 0.3588380716934487 0.9790322580645161 0.03337453646477132 0.016129032258064516
0 0.399917593737124 0.16075268817204302 0.04705397610218369 0.017204301075268817
0 0.5267408323032551 0.9817204301075269 0.032138442521631644 0.016129032258064516
0 0.2350638648537289 0.6182795698924731 0.04985578903996708 0.021505376344086023
0 0.40931190770498554 0.8768817204301075 0.030737536052740017 0.013978494623655914
0 0.12970745776679027 0.057526881720430106 0.05529460238978164 0.02795698924731183
0 0.06118665018541409 0.8064516129032258 0.02950144210960034 0.013978494623655914
0 0.7085702513391018 0.7220430107526882 0.02150803461063052 0.02258064516129032
0 0.5601565718994643 0.8360215053763441 0.06559538524927887 0.017204301075268817
0 0.6318912237330038 0.17419354838709677 0.018541409147095178 0.016129032258064516
0 0.6769674495261641 0.17473118279569894 0.02216728471363831 0.015053763440860216
0 0.31384425216316436 0.9370967741935484 0.029666254635352288 0.016129032258064516
0 0.5364647713226205 0.7016129032258065 0.021260815822002527 0.01935483870967742
0 0.27861557478368354 0.1870967741935484 0.025793160280181304 0.013978494623655914
0 0.38327152863617636 0.9747311827956989 0.027111660486196884 0.015053763440860216
0 0.5505974454058509 0.6623655913978495 0.023320972393901945 0.013978494623655914
0 0.5449114132674083 0.9059139784946236 0.04103831891223739 0.01935483870967742
0 0.5238154099711578 0.7618279569892473 0.020766378244746544 0.012903225806451613
0 0.4727235269880511 0.210752688172043 0.05834363411619289 0.01935483870967742
0 0.4012360939431397 0.9096774193548387 0.024557066337041484 0.013978494623655914
0 0.5337453646477133 0.1 0.03584672435105068 0.016129032258064516
0 0.6451586320560363 0.17849462365591398 0.025133910177173653 0.03763440860215054
0 0.1365883807169345 0.03225806451612903 0.048702101359703306 0.02258064516129032
0 0.40399670374948493 0.8978494623655914 0.02826534816646066 0.013978494623655914
0 0.4328800988875155 0.8274193548387097 0.0521631644004945 0.01935483870967742
0 0.9734239802224969 0.22580645161290322 0.021837659662134416 0.043010752688172046
0 0.19373712402142565 0.5849462365591398 0.03106716110424391 0.01827956989247312
0 0.6078697981046559 0.8908602150537634 0.06114544705397614 0.023655913978494623
0 0.09703337453646477 0.6370967741935484 0.03988463123197361 0.02043010752688172
0 0.6456530696332922 0.7123655913978495 0.02851256695508851 0.03333333333333333
0 0.5892459826946849 0.10967741935483871 0.03592913061392659 0.017204301075268817
0 0.6175113308611454 0.9263440860215054 0.024557066337041626 0.013978494623655914
0 0.22138442521631643 0.5870967741935483 0.032220848784507615 0.017204301075268817
0 0.6952204367531933 0.6865591397849462 0.03733003708281807 0.01935483870967742
0 0.029954676555418214 0.843010752688172 0.021920065925010303 0.011827956989247311
0 0.02937783271528636 0.8586021505376344 0.027194066749072928 0.016129032258064516
0 0.02336217552533993 0.8725806451612903 0.023403378656777912 0.015053763440860216
0 0.019159456118665017 0.8870967741935484 0.026864441697569016 0.011827956989247311
0 0.015574783683559952 0.9016129032258065 0.025710754017305312 0.012903225806451613
0 0.011536876802636998 0.9150537634408602 0.023073753605273997 0.012903225806451613
0 0.0526576019777503 0.917741935483871 0.023320972393901945 0.013978494623655914
0 0.17053976102183765 0.9037634408602151 0.025875566543057275 0.015053763440860216
0 0.1134322208487845 0.5763440860215053 0.03279769262463947 0.024731182795698924
0 0.10601565718994643 0.6166666666666667 0.02777091058920478 0.023655913978494623
0 0.09435517099299547 0.6559139784946236 0.034116192830655125 0.025806451612903226
0 0.035805521219612696 0.44408602150537635 0.029748660898228262 0.017204301075268817
0 0.6201071281417387 0.13440860215053763 0.016481252575195622 0.021505376344086023
0 0.6548001648125258 0.18978494623655914 0.019777503090234856 0.03225806451612903
0 0.43222084878450756 0.8360215053763441 0.05323444581788209 0.017204301075268817
0 0.573176761433869 0.22258064516129034 0.02084878450762259 0.030107526881720432
0 0.6028018129377832 0.22311827956989247 0.02694684796044494 0.02903225806451613
0 0.5175937371240215 0.21397849462365592 0.02488669138854552 0.034408602150537634
0 0.5639060568603214 0.10161290322580645 0.024062628759785782 0.023655913978494623
0 0.5547589616810877 0.8258064516129032 0.05199835187474241 0.017204301075268817
0 0.5370416151627523 0.839247311827957 0.02826534816646066 0.013978494623655914
0 0.5358055212196127 0.8473118279569892 0.031973629995879695 0.013978494623655914
0 0.3173465183353935 0.9236559139784947 0.03081994231561606 0.015053763440860216
0 0.06584260403790688 0.17311827956989248 0.02356819118252987 0.017204301075268817
0 0.09332509270704574 0.1774193548387097 0.024721878862793572 0.016129032258064516
0 0.11907704985578903 0.18010752688172044 0.027194066749072928 0.016129032258064516
0 0.27474248042851257 0.2053763440860215 0.032632880098887485 0.02258064516129032
0 0.3178821590440874 0.16666666666666666 0.02595797280593325 0.03225806451612903
0 0.38364235681911824 0.17956989247311828 0.04441697569015253 0.015053763440860216
0 0.3868149979398434 0.17043010752688173 0.04449938195302843 0.016129032258064516
0 0.44664194478780395 0.1639784946236559 0.018459002884219276 0.03118279569892473