0 0.7226635726635727 0.8907074973600845 0.031085631085631244 0.04329461457233368
0 0.634948584948585 0.9049630411826821 0.032305032305032316 0.042238648363252376
0 0.507989807989808 0.9271383315733897 0.03109473109473112 0.044350580781414996
0 0.7230184730184731 0.14783526927138332 0.03353353353353354 0.042238648363252376
0 0.14425334425334427 0.8442449841605069 0.03103103103103104 0.03695881731784583
0 0.6984802984802985 0.15153115100316789 0.03229593229593216 0.04118268215417107
0 0.5963144963144963 0.9123548046462513 0.03353353353353354 0.042238648363252376
0 0.3309036309036309 0.834741288278775 0.031021931021930987 0.03590285110876452
0 0.9992264992264993 0.8400211193241817 0.0015470015470013816 0.04329461457233368
0 0.7416871416871417 0.8885955649419218 0.0322777322777324 0.03907074973600845
0 0.6827918827918829 0.8970432946145723 0.0335426335426337 0.04329461457233368
0 0.28025753025753025 0.23231256599788808 0.03730093730093731 0.05174234424498416
0 0.4711984711984712 0.9345300950369588 0.033551733551733576 0.044350580781414996
0 0.75003185003185 0.14625131995776136 0.031021931021930987 0.03590285110876452
0 0.843939393939394 0.4229144667370644 0.02979342979342976 0.03590285110876452
0 0.1401856401856402 0.7998944033790919 0.03600873600873603 0.044350580781414996
0 0.23480298480298478 0.0897571277719113 0.03348803348803346 0.03695881731784583
0 0.09555919555919556 0.8247096092925026 0.028583128583128566 0.03801478352692714
0 0.20235690235690237 0.8152059134107709 0.028665028665028642 0.04751847940865892
0 0.8913231413231414 0.8606124604012672 0.03232323232323235 0.044350580781414996
0 0.5779051779051779 0.558078141499472 0.032259532259532236 0.03695881731784583
0 0.08595413595413595 0.7793030623020063 0.029875329875329874 0.0454065469904963
0 0.8684775684775684 0.4192185850052798 0.026080626080625887 0.03273495248152059
0 0.4464919464919465 0.4910242872228089 0.02484302484302478 0.03167898627243928
0 0.703030303030303 0.8933474128827877 0.029829829829829825 0.04012671594508976
0 0.6171535171535172 0.9070749736008448 0.03106743106743107 0.04118268215417107
0 0.526999726999727 0.5670538542766631 0.02856492856492853 0.03590285110876452
0 0.9968695968695969 0.7180570221752904 0.006260806260806215 0.03801478352692714
0 0.480944580944581 0.8537486800422387 0.041004641004640956 0.05385427666314678
0 0.3040995540995541 0.2191129883843717 0.03353353353353354 0.042238648363252376
0 0.6576485576485577 0.9017951425554382 0.03983983983983998 0.061246040126715945
0 0.6508963508963509 0.545934530095037 0.027327327327327428 0.03484688489968321
0 0.1819091819091819 0.7946145723336854 0.03994903994903997 0.07391763463569166
0 0.553985803985804 0.5623020063357973 0.029802529802529776 0.03695881731784583
0 0.12072072072072072 0.750791974656811 0.031058331058331053 0.04012671594508976
0 0.9873691873691873 0.7212249208025343 0.025261625261625252 0.03484688489968321
0 0.7452588952588952 0.4477296726504752 0.03978523978523988 0.054910242872228086
0 0.5325370825370825 0.9244984160506864 0.043570843570843606 0.0665258711721225
0 0.21535171535171535 0.9688489968321014 0.032386932386932396 0.05174234424498416
0 0.14996814996814997 0.366948257655755 0.03854763854763857 0.05385427666314678
0 0.4721903721903722 0.3368532206969377 0.027254527254527296 0.026399155227032733
0 0.7036536536536536 0.5380147835269271 0.02979342979342976 0.03590285110876452
0 0.8859996359996359 0.7418162618796198 0.03477113477113493 0.04329461457233368
0 0.19945399945399944 0.9060190073917634 0.03607243607243608 0.05174234424498416
0 0.6778869778869778 0.5417106652587117 0.0260988260988262 0.03484688489968321
0 0.7684593684593686 0.4313621964097149 0.022349622349622258 0.027455121436114043
0 0.8024024024024025 0.5211193241816262 0.02979342979342976 0.03590285110876452
0 0.9170670670670671 0.8542766631467793 0.0398944398944398 0.0675818373812038
0 0.26179816179816184 0.513727560718057 0.04128674128674132 0.08658922914466737
0 0.6282282282282282 0.5527983104540655 0.028528528528528607 0.03167898627243928
0 0.33353808353808356 0.07127771911298839 0.031012831012830974 0.03484688489968321
0 0.896023296023296 0.2655755015839493 0.02724542724542742 0.025343189017951427
0 0.14713804713804712 0.6800422386483632 0.03484393484393485 0.05174234424498416
0 0.603053053053053 0.5538542766631468 0.031012831012831112 0.03484688489968321
0 0.3286559286559287 0.21752903907074975 0.031031031031031005 0.03695881731784583
0 0.6574119574119573 0.01900739176346357 0.027327327327327428 0.03484688489968321
0 0.19591864591864594 0.7808870116156283 0.02482482482482482 0.029567053854276663
0 0.24637819637819636 0.5063357972544879 0.028683228683228746 0.04963041182682154
0 0.017126217126217126 0.4904963041182682 0.026189826189826192 0.0454065469904963
0 0.39872599872599873 0.5079197465681098 0.03853853853853862 0.05279831045406547
0 0.9036036036036036 0.7888067581837381 0.03226863226863225 0.03801478352692714
0 0.23662753662753663 0.23020063357972545 0.024833924833924836 0.030623020063357972
0 0.2203157703157703 0.9033790918690602 0.03858403858403856 0.05807814149947202
0 0.7514878514878515 0.529039070749736 0.029802529802529915 0.03695881731784583
0 0.42134862134862133 0.49577613516367475 0.024833924833924905 0.030623020063357972
0 0.604891254891255 0.8384371700105596 0.035999635999636015 0.04329461457233368
0 0.6476112476112477 0.307286166842661 0.03221403221403215 0.03167898627243928
0 0.23621803621803622 0.9667370644139388 0.03735553735553734 0.05807814149947202
0 0.16737646737646736 0.6763463569165786 0.034880334880334915 0.0559662090813094
0 0.82009282009282 0.4355860612460401 0.03361543361543355 0.05174234424498416
0 0.5013195013195013 0.29567053854276665 0.03609973609973606 0.054910242872228086
0 0.2187096187096187 0.21805702217529038 0.033606333606333604 0.050686378035902854
0 0.7318818818818819 0.8199577613516368 0.03474383474383474 0.04012671594508976
0 0.3238875238875239 0.5195353748680043 0.029857129857129874 0.04329461457233368
0 0.5667667667667667 0.26346356916578667 0.02731822731822727 0.0337909186906019
0 0.18833833833833835 0.7565997888067582 0.028555828555828517 0.03484688489968321
0 0.3960733460733461 0.9841605068637803 0.03589953589953584 0.03167898627243928
0 0.38504413504413504 0.9160506863780359 0.038529438529438464 0.05174234424498416
0 0.44358904358904355 0.866948257655755 0.043434343434343506 0.050686378035902854
0 0.7840112840112841 0.810454065469905 0.031049231049231178 0.03907074973600845
0 0.7136363636363637 0.7697993664202746 0.02982072982072995 0.03907074973600845
0 0.7406315406315407 0.76610348468849 0.02734552734552718 0.03695881731784583
0 0.7645509145509145 0.7618796198521647 0.02731822731822727 0.0337909186906019
0 0.862075712075712 0.7455121436114044 0.03349713349713348 0.03801478352692714
0 0.35540540540540533 0.8268215417106652 0.032232232232232184 0.0337909186906019
0 0.4437619437619437 0.8157338965153115 0.026080626080626165 0.03273495248152059
0 0.46581126581126586 0.8083421330517423 0.024806624806624714 0.027455121436114043
0 0.5658067158067158 0.793558606124604 0.027336427336427303 0.03590285110876452
0 0.5915733915733915 0.7898627243928195 0.024888524888525002 0.03695881731784583
0 0.694025844025844 0.7750791974656811 0.027327327327327428 0.03484688489968321
0 0.5781281281281281 0.2988384371700106 0.03600873600873603 0.044350580781414996
0 0.1404085904085904 0.32682154171066524 0.03221403221403222 0.03167898627243928
0 0.2295932295932296 0.1979936642027455 0.0322959322959323 0.04118268215417107
0 0.22257257257257257 0.3812038014783527 0.023541723541723562 0.023231256599788808
0 0.28574028574028576 0.36958817317845827 0.022349622349622397 0.027455121436114043
0 0.34769769769769765 0.3600844772967265 0.027254527254527296 0.026399155227032733
0 0.4133360633360633 0.35005279831045405 0.022331422331422227 0.025343189017951427
0 0.28702338702338703 0.0908130939809926 0.031012831012830974 0.03484688489968321
0 0.15443625443625444 0.10137275607180571 0.04744744744744743 0.08870116156282999
0 0.5789334789334789 0.03590285110876452 0.039930839930839866 0.07180570221752904
0 0.7083947583947584 0.01900739176346357 0.031003731003730956 0.0337909186906019
0 0.7574665574665574 0.011087645195353749 0.025989625989626 0.022175290390707498
0 0.6517153517153518 0.1420274551214361 0.05838565838565848 0.07497360084477296
0 0.7083538083538083 0.29936642027455124 0.023550823550823576 0.024287222808870117
0 0.7697015197015198 0.29039070749736007 0.026007826007826036 0.024287222808870117
0 0.8334561834561836 0.27560718057022177 0.026026026026026067 0.026399155227032733
0 0.9233051233051233 0.2238648363252376 0.03484393484393478 0.05174234424498416
0 0.7181727181727182 0.4408658922914467 0.026035126035125943 0.027455121436114043
0 0.7917735917735917 0.428194297782471 0.028510328510328715 0.029567053854276663
0 0.6788697788697787 0.441921858500528 0.06218036218036236 0.08764519535374868
0 0.34709254709254705 0.5036958817317846 0.026035126035125943 0.027455121436114043
0 0.37102557102557104 0.5010559662090813 0.02481572481572487 0.028511087645195353
0 0.29803894803894804 0.513727560718057 0.023587223587223573 0.028511087645195353
0 0.4959413959413959 0.5982048574445618 0.052352352352352256 0.08764519535374868