0 0.10290556900726393 0.4875904860392968 0.024213075060532687 0.03619441571871768
0 0.13861985472154964 0.21613236814891418 0.023002421307506054 0.03516028955532575
0 0.08292978208232446 0.4870734229576008 0.025423728813559324 0.04136504653567735
0 0.4049636803874092 0.03671147880041365 0.023002421307506054 0.03412616339193381
0 0.9721549636803875 0.672699069286453 0.021791767554479417 0.03619441571871768
0 0.6228813559322034 0.9265770423991727 0.020581113801452784 0.031023784901758014
0 0.4443099273607748 0.3391933815925543 0.024213075060532687 0.03722854188210962
0 0.029055690072639227 0.281282316442606 0.026634382566585957 0.04136504653567735
0 0.029661016949152543 0.6308169596690796 0.02784503631961259 0.04136504653567735
0 0.5326876513317191 0.6323681489141675 0.024213075060532687 0.04033092037228542
0 0.22397094430992737 0.4917269906928645 0.021791767554479417 0.03205791106514995
0 0.02602905569007264 0.5377456049638056 0.023002421307506054 0.03722854188210962
0 0.051452784503631964 0.7311271975180972 0.023002421307506054 0.03929679420889348
0 0.7021791767554479 0.41675284384694933 0.026634382566585957 0.04343329886246122
0 0.2215496368038741 0.33815925542916236 0.024213075060532687 0.03516028955532575
0 0.07021791767554479 0.4250258531540848 0.029055690072639227 0.04136504653567735
0 0.7233656174334141 0.5501551189245087 0.020581113801452784 0.033092037228541885
0 0.3946731234866828 0.9276111685625646 0.024213075060532687 0.03516028955532575
0 0.8002421307506054 0.7559462254395036 0.024213075060532687 0.03929679420889348
0 0.18886198547215496 0.21458117890382628 0.021791767554479417 0.03205791106514995
0 0.13983050847457626 0.6287487073422957 0.023002421307506054 0.04343329886246122
0 0.08292978208232446 0.8671147880041365 0.023002421307506054 0.038262668045501554
0 0.09200968523002422 0.5811789038262668 0.024213075060532687 0.03929679420889348
0 0.2627118644067797 0.39141675284384697 0.024213075060532687 0.03412616339193381
0 0.5223970944309927 0.9270941054808687 0.025423728813559324 0.03412616339193381
0 0.046610169491525424 0.6845915201654602 0.02784503631961259 0.05377456049638056
0 0.3795399515738499 0.03464322647362978 0.025423728813559324 0.04446742502585315
0 0.7681598062953995 0.9570837642192348 0.02784503631961259 0.04860392967942089
0 0.9061743341404358 0.7564632885211996 0.025423728813559324 0.04033092037228542
0 0.6731234866828087 0.9239917269906929 0.01937046004842615 0.03205791106514995
0 0.4261501210653753 0.33660806618407446 0.024213075060532687 0.04239917269906929
0 0.7215496368038741 0.6292657704239917 0.029055690072639227 0.052740434332988625
0 0.6041162227602905 0.5708376421923474 0.026634382566585957 0.04963805584281282
0 0.16041162227602906 0.6240951396070321 0.023002421307506054 0.03619441571871768
0 0.1059322033898305 0.21458117890382628 0.020581113801452784 0.03412616339193381
0 0.7173123486682809 0.4203722854188211 0.020581113801452784 0.03619441571871768
0 0.637409200968523 0.2823164426059979 0.039951573849878935 0.016546018614270942
0 0.2148910411622276 0.21664943123061015 0.025423728813559324 0.04033092037228542
0 0.06840193704600485 0.7280248190279214 0.023002421307506054 0.03516028955532575
0 0.46912832929782083 0.9276111685625646 0.020581113801452784 0.031023784901758014
0 0.5490314769975787 0.9296794208893485 0.025423728813559324 0.03516028955532575
0 0.7064164648910412 0.08634953464322648 0.025423728813559324 0.04446742502585315
0 0.10653753026634383 0.6530506721820062 0.021791767554479417 0.03619441571871768
0 0.7076271186440678 0.5517063081695966 0.020581113801452784 0.03619441571871768
0 0.041767554479418885 0.5398138572905895 0.023002421307506054 0.033092037228541885
0 0.7052058111380145 0.49586349534643226 0.025423728813559324 0.04033092037228542
0 0.2009685230024213 0.33505687693898656 0.026634382566585957 0.04343329886246122
0 0.49697336561743344 0.9270941054808687 0.023002421307506054 0.03412616339193381
0 0.4927360774818402 0.21923474663908996 0.029055690072639227 0.04343329886246122
0 0.7142857142857143 0.15408479834539815 0.01694915254237288 0.028955532574974147
0 0.211864406779661 0.4203722854188211 0.026634382566585957 0.04033092037228542
0 0.16162227602905568 0.19441571871768357 0.023002421307506054 0.047569803516028956
0 0.8516949152542372 0.19183040330920373 0.025423728813559324 0.04239917269906929
0 0.13135593220338984 0.41933815925542917 0.02784503631961259 0.04239917269906929
0 0.4685230024213075 0.4265770423991727 0.024213075060532687 0.038262668045501554
0 0.27905569007263925 0.3857290589451913 0.025423728813559324 0.04343329886246122
0 0.6096731234866828 0.22217166494312307 0.023232445520581114 0.049307135470527404
0 0.6791767554479419 0.08531540847983454 0.024213075060532687 0.03619441571871768
0 0.9649152542372881 0.7506825232678387 0.024249394673123488 0.07220268872802481
0 0.1089588377723971 0.6954498448810755 0.026634382566585957 0.03619441571871768
0 0.4654963680387409 0.6861427094105481 0.023002421307506054 0.03619441571871768
0 0.2772397094430993 0.49431230610134436 0.021791767554479417 0.028955532574974147
0 0.9479418886198547 0.4720785935884178 0.024213075060532687 0.04239917269906929
0 0.7990314769975787 0.6271975180972078 0.021791767554479417 0.038262668045501554
0 0.45036319612590797 0.4255429162357808 0.026634382566585957 0.04239917269906929
0 0.6041162227602905 0.4906928645294726 0.024213075060532687 0.03205791106514995
0 0.6573849878934624 0.6225439503619442 0.01937046004842615 0.031023784901758014
0 0.06537530266343826 0.8707342295760083 0.026634382566585957 0.047569803516028956
0 0.2717917675544794 0.20579110651499483 0.023002421307506054 0.04136504653567735
0 0.3268765133171913 0.21768355739400208 0.024213075060532687 0.04033092037228542
0 0.6458837772397095 0.21354705274043434 0.020581113801452784 0.02998965873836608
0 0.562953995157385 0.4239917269906929 0.026634382566585957 0.04136504653567735
0 0.9564164648910412 0.6763185108583247 0.021791767554479417 0.04343329886246122
0 0.4648910411622276 0.2140641158221303 0.024213075060532687 0.033092037228541885
0 0.3056900726392252 0.24974146845915202 0.023002421307506054 0.04033092037228542
0 0.2705811138014528 0.24301964839710444 0.023002421307506054 0.033092037228541885
0 0.572639225181598 0.9270941054808687 0.024213075060532687 0.03619441571871768
0 0.7161016949152542 0.33195449844881075 0.023002421307506054 0.03722854188210962
0 0.662227602905569 0.15873836608066183 0.01937046004842615 0.027921406411582212
0 0.21731234866828086 0.5532574974146846 0.020581113801452784 0.03929679420889348
0 0.5968523002421308 0.9260599793174767 0.024213075060532687 0.03619441571871768
0 0.7300242130750605 0.4932781799379524 0.01937046004842615 0.031023784901758014
0 0.30447941888619856 0.03671147880041365 0.023002421307506054 0.03412616339193381
0 0.9424939467312349 0.7538779731127198 0.025423728813559324 0.04136504653567735
0 0.8444309927360775 0.6783867631851086 0.025423728813559324 0.045501551189245086
0 0.4473365617433414 0.6287487073422957 0.025423728813559324 0.04136504653567735
0 0.7802663438256658 0.4296794208893485 0.03026634382566586 0.04239917269906929
0 0.029055690072639227 0.2264736297828335 0.021791767554479417 0.03929679420889348
0 0.7602905569007264 0.3247156153050672 0.026634382566585957 0.04343329886246122
0 0.7015738498789347 0.3293691830403309 0.023002421307506054 0.04033092037228542
0 0.4661016949152542 0.6318510858324715 0.021791767554479417 0.033092037228541885
0 0.8710653753026635 0.19648397104446744 0.023002421307506054 0.03516028955532575
0 0.8311138014527845 0.09513960703205791 0.023002421307506054 0.04136504653567735
0 0.6483050847457628 0.9239917269906929 0.025423728813559324 0.038262668045501554
0 0.19612590799031476 0.41675284384694933 0.024213075060532687 0.045501551189245086
0 0.5799031476997578 0.49120992761116855 0.026634382566585957 0.04343329886246122
0 0.5871670702179177 0.5734229576008273 0.024213075060532687 0.04239917269906929
0 0.698547215496368 0.9260599793174767 0.021791767554479417 0.03619441571871768
0 0.25786924939467315 0.20113753877973112 0.021791767554479417 0.04239917269906929
0 0.1023002421307506 0.12099276111685625 0.025423728813559324 0.045501551189245086
0 0.10956416464891042 0.5791106514994829 0.025423728813559324 0.045501551189245086
0 0.7669491525423728 0.7564632885211996 0.025423728813559324 0.04239917269906929
0 0.9497578692493946 0.38521199586349536 0.025423728813559324 0.04446742502585315
0 0.04116222760290557 0.5098241985522234 0.021791767554479417 0.031023784901758014
0 0.4303874092009685 0.6861427094105481 0.020581113801452784 0.038262668045501554
0 0.8547215496368039 0.47311271975180974 0.021791767554479417 0.04033092037228542
0 0.2397094430992736 0.2171664943123061 0.024213075060532687 0.03929679420889348
0 0.35290556900726394 0.6804550155118925 0.025423728813559324 0.03929679420889348
0 0.36803874092009686 0.9265770423991727 0.024213075060532687 0.03516028955532575
0 0.14709443099273609 0.4937952430196484 0.020581113801452784 0.027921406411582212
0 0.8668280871670703 0.7611168562564633 0.024213075060532687 0.04136504653567735
0 0.07142857142857142 0.39193381592554294 0.024213075060532687 0.028955532574974147
0 0.8141646489104116 0.07911065149948293 0.023002421307506054 0.03412616339193381
0 0.04721549636803874 0.7683557394002068 0.024213075060532687 0.04136504653567735
0 0.7681598062953995 0.3846949327817994 0.02784503631961259 0.04343329886246122
0 0.42917675544794187 0.1938986556359876 0.02784503631961259 0.04653567735263702
0 0.6961259079903148 0.8148914167528438 0.026634382566585957 0.05377456049638056
0 0.6997578692493946 0.16028955532574973 0.021791767554479417 0.04343329886246122
0 0.7875302663438256 0.4948293691830403 0.020581113801452784 0.02998965873836608
0 0.16464891041162227 0.5036194415718718 0.026634382566585957 0.05170630816959669
0 0.6664648910411622 0.7595656670113754 0.025423728813559324 0.04033092037228542
0 0.799636803874092 0.4301964839710445 0.025423728813559324 0.03722854188210962
0 0.5562953995157385 0.7295760082730093 0.020581113801452784 0.03205791106514995
0 0.7960048426150121 0.24974146845915202 0.025423728813559324 0.05480868665977249
0 0.6059322033898306 0.08324715615305067 0.023002421307506054 0.04446742502585315
0 0.7814769975786925 0.6820062047569804 0.020581113801452784 0.03619441571871768
0 0.2784503631961259 0.03619441571871768 0.024213075060532687 0.03516028955532575
0 0.3196125907990315 0.33867631851085833 0.024213075060532687 0.04033092037228542
0 0.32929782082324455 0.027404343329886244 0.021791767554479417 0.027921406411582212
0 0.2717917675544794 0.42761116856256465 0.023002421307506054 0.038262668045501554
0 0.7869249394673123 0.38676318510858326 0.026634382566585957 0.03929679420889348
0 0.33232445520581116 0.6804550155118925 0.025423728813559324 0.04343329886246122
0 0.2929782082324455 0.4286452947259566 0.026634382566585957 0.03619441571871768
0 0.35351089588377727 0.2140641158221303 0.021791767554479417 0.033092037228541885
0 0.9079903147699758 0.38521199586349536 0.021791767554479417 0.04239917269906929
0 0.26634382566585957 0.5579110651499483 0.024213075060532687 0.04033092037228542
0 0.7802663438256658 0.33040330920372285 0.02784503631961259 0.05687693898655636
0 0.9297820823244553 0.16804550155118925 0.029055690072639227 0.05687693898655636
0 0.725181598062954 0.9296794208893485 0.021791767554479417 0.028955532574974147
0 0.8964891041162227 0.47776628748707345 0.025423728813559324 0.04343329886246122
0 0.4025423728813559 0.21302998965873837 0.020581113801452784 0.028955532574974147
0 0.3983050847457627 0.4281282316442606 0.029055690072639227 0.04136504653567735
0 0.2639225181598063 0.7600827300930714 0.024213075060532687 0.03929679420889348
0 0.7802663438256658 0.0749741468459152 0.020581113801452784 0.038262668045501554
0 0.3698547215496368 0.4286452947259566 0.025423728813559324 0.03412616339193381
0 0.7663438256658596 0.6794208893485005 0.024213075060532687 0.04343329886246122
0 0.6398305084745762 0.6256463288521199 0.025423728813559324 0.04343329886246122
0 0.5871670702179177 0.32109617373319543 0.029055690072639227 0.05687693898655636
0 0.20278450363196127 0.7626680455015512 0.025423728813559324 0.04239917269906929
0 0.13135593220338984 0.3815925542916236 0.023002421307506054 0.03516028955532575
0 0.648910411622276 0.3164426059979317 0.024213075060532687 0.03722854188210962
0 0.2917675544794189 0.6897621509824199 0.024213075060532687 0.03516028955532575
0 0.6731234866828087 0.5051706308169597 0.024213075060532687 0.050672182006204755
0 0.6077481840193705 0.6540847983453981 0.01937046004842615 0.03205791106514995
0 0.4043583535108959 0.7533609100310238 0.024213075060532687 0.038262668045501554
0 0.06900726392251816 0.9501861427094106 0.026646489104116225 0.061695966907962765
0 0.4025423728813559 0.3831437435367115 0.020581113801452784 0.04033092037228542
0 0.08292978208232446 0.20113753877973112 0.025423728813559324 0.05480868665977249
0 0.1973365617433414 0.4953464322647363 0.021791767554479417 0.03722854188210962
0 0.3414043583535109 0.3340227507755946 0.024213075060532687 0.04963805584281282
0 0.38498789346246975 0.7533609100310238 0.024213075060532687 0.04239917269906929
0 0.6688861985472155 0.19596690796277147 0.023002421307506054 0.04239917269906929
0 0.7100484261501211 0.2838676318510858 0.05690072639225181 0.01344364012409514
0 0.7832929782082324 0.7574974146845915 0.026634382566585957 0.04653567735263702
0 0.2106537530266344 0.6814891416752844 0.029055690072639227 0.055842812823164424
0 0.20157384987893462 0.5548086866597725 0.025423728813559324 0.04239917269906929
0 0.35472154963680386 0.028955532574974147 0.01937046004842615 0.031023784901758014
0 0.9679176755447942 0.46794208893485006 0.025423728813559324 0.03619441571871768
0 0.9353389830508475 0.5632885211995864 0.022796610169491523 0.04612202688728025
0 0.6619612590799031 0.560641158221303 0.027578692493946733 0.06485005170630817
0 0.2736077481840194 0.688210961737332 0.021791767554479417 0.038262668045501554
0 0.6331719128329297 0.3164426059979317 0.01937046004842615 0.03722854188210962
0 0.03026634382566586 0.7683557394002068 0.024213075060532687 0.04136504653567735
0 0.3771186440677966 0.21302998965873837 0.023002421307506054 0.031023784901758014
0 0.44854721549636806 0.6866597724922441 0.020581113801452784 0.03516028955532575
0 0.562953995157385 0.39141675284384697 0.021791767554479417 0.025853154084798345
0 0.09382566585956416 0.7637021716649431 0.020581113801452784 0.038262668045501554
0 0.42009685230024213 0.9245087900723888 0.024213075060532687 0.03516028955532575
0 0.8831719128329297 0.2543950361944157 0.025423728813559324 0.03722854188210962
0 0.6882566585956417 0.20423991726990692 0.023002421307506054 0.04446742502585315
0 0.25907990314769974 0.4736297828335057 0.029055690072639227 0.012409513960703205
0 0.5447941888619855 0.6840744570837642 0.026634382566585957 0.050672182006204755
0 0.15749394673123487 0.5648190279214064 0.022893462469733658 0.06446742502585316
0 0.050242130750605324 0.9467425025853154 0.023002421307506054 0.04033092037228542
0 0.7693704600484261 0.47466390899689764 0.03753026634382567 0.014477766287487074
0 0.4213075060532688 0.3846949327817994 0.026634382566585957 0.047569803516028956
0 0.538135593220339 0.733712512926577 0.023002421307506054 0.04033092037228542
0 0.8220338983050848 0.32885211995863495 0.021791767554479417 0.057911065149948295
0 0.5907990314769975 0.08376421923474664 0.024213075060532687 0.045501551189245086
0 0.9539951573849879 0.30868665977249227 0.026634382566585957 0.04446742502585315
0 0.32142857142857145 0.49586349534643226 0.020581113801452784 0.03619441571871768
0 0.08716707021791767 0.12099276111685625 0.021791767554479417 0.04343329886246122
0 0.1368038740920097 0.5548086866597725 0.021791767554479417 0.04033092037228542
0 0.4303874092009685 0.25077559462254395 0.025423728813559324 0.03412616339193381
0 0.8256658595641646 0.6747673216132368 0.024213075060532687 0.03619441571871768
0 0.7778450363196125 0.2450879007238883 0.023002421307506054 0.04136504653567735
0 0.7892493946731234 0.5490072388831437 0.021610169491525427 0.059751809720785934
0 0.2960048426150121 0.6271975180972078 0.023002421307506054 0.04033092037228542
0 0.9164648910411622 0.4767321613236815 0.021791767554479417 0.03722854188210962
0 0.7033898305084746 0.6308169596690796 0.024213075060532687 0.04136504653567735
0 0.5538740920096852 0.19338159255429163 0.023002421307506054 0.04343329886246122
0 0.8860411622276029 0.08582213029989658 0.0199636803874092 0.0724095139607032
0 0.8171912832929782 0.25698035160289556 0.021791767554479417 0.02998965873836608
0 0.14648910411622276 0.7631851085832472 0.026634382566585957 0.04136504653567735
0 0.6416464891041163 0.56153050672182 0.026634382566585957 0.04136504653567735
0 0.9128329297820823 0.8712512926577043 0.029055690072639227 0.05894519131334023
0 0.3583535108958838 0.5036194415718718 0.026634382566585957 0.055842812823164424
0 0.34685230024213076 0.7533609100310238 0.025423728813559324 0.04033092037228542
0 0.673728813559322 0.7145811789038262 0.02784503631961259 0.012409513960703205
0 0.8389830508474576 0.33660806618407446 0.024213075060532687 0.04239917269906929
0 0.2215496368038741 0.7605997931747673 0.024213075060532687 0.052740434332988625
0 0.11259079903147699 0.765253360910031 0.021791767554479417 0.03516028955532575
0 0.1513317191283293 0.6902792140641159 0.021791767554479417 0.038262668045501554
0 0.2825423728813559 0.7509720785935885 0.02513317191283293 0.07071354705274042
0 0.4165859564164649 0.5607342295760083 0.03351089588377724 0.05249224405377456
0 0.8480629539951574 0.7538779731127198 0.025423728813559324 0.055842812823164424
0 0.324455205811138 0.5656670113753878 0.021791767554479417 0.03516028955532575
0 0.7717917675544794 0.5594622543950362 0.020581113801452784 0.033092037228541885
0 0.2899515738498789 0.24715615305067218 0.02784503631961259 0.05377456049638056
0 0.5750363196125908 0.21928645294725957 0.02900726392251816 0.08490175801447776
0 0.4019370460048426 0.8712512926577043 0.029055690072639227 0.05480868665977249
0 0.3062953995157385 0.562564632885212 0.024213075060532687 0.04343329886246122
0 0.4691041162227603 0.045956566701137534 0.04674334140435835 0.09190279214064116
0 0.3714648910411622 0.5586142709410548 0.024721549636803876 0.048014477766287485
0 0.3553995157384988 0.5673422957600828 0.024430992736077482 0.04253360910031024
0 0.2659200968523002 0.6279317476732161 0.024527845036319613 0.04050672182006205
0 0.2834503631961259 0.627052740434333 0.016803874092009684 0.03789038262668046
0 0.32829297820823244 0.7453877973112719 0.024915254237288135 0.05619441571871769
0 0.19130750605326877 0.8416339193381592 0.023498789346246975 0.05410548086866598
0 0.1949273607748184 0.886287487073423 0.022796610169491523 0.024446742502585318
0 0.2219007263922518 0.889358841778697 0.01904358353510896 0.025491209927611166
0 0.24623486682808715 0.8896690796277146 0.02181598062953995 0.024012409513960702
0 0.2673002421307506 0.8855946225439504 0.02146489104116223 0.021975180972078595
0 0.2949515738498789 0.8891933815925543 0.019927360774818402 0.02686659772492244
0 0.32025423728813557 0.889348500517063 0.021997578692493948 0.02295760082730093
0 0.3462832929782082 0.8892554291623578 0.018111380145278452 0.02528438469493278
0 0.371319612590799 0.8875284384694933 0.02145278450363196 0.02013443640124095
0 0.4873244552058111 0.8713133402275077 0.026646489104116225 0.05313340227507756
0 0.3440072639225181 0.9258634953464322 0.017542372881355933 0.02457083764219235
0 0.44698547215496365 0.9252947259565667 0.020581113801452784 0.024291623578076522
0 0.16811138014527846 0.6841985522233712 0.023801452784503633 0.056483971044467424
0 0.19273607748184018 0.677187176835574 0.020811138014527848 0.041644260599793176
0 0.2853268765133172 0.5575077559462255 0.02175544794188862 0.05293691830403309
0 0.8214769975786924 0.5608376421923476 0.01990314769975787 0.04325749741468459
0 0.8392615012106538 0.5655015511892452 0.02324455205811138 0.02974146845915202
0 0.871731234866828 0.5655325749741469 0.01864406779661017 0.037559462254395035
0 0.8883050847457628 0.5585211995863496 0.024648910411622274 0.05483971044467425
0 0.9179176755447942 0.565522233712513 0.017372881355932204 0.03986556359875905
0 0.7676876513317191 0.6274043433298863 0.020883777239709442 0.039596690796277145
0 0.7834382566585957 0.6286763185108583 0.01983050847457627 0.0340124095139607
0 0.6988135593220339 0.8854912099276111 0.024285714285714285 0.026018614270941053
0 0.7236561743341404 0.8863495346432265 0.025121065375302662 0.02426059979317477
0 0.7514043583535108 0.8848086866597725 0.0263317191283293 0.0281282316442606
0 0.7763075060532688 0.8862461220268872 0.023208232445520584 0.028697001034126163
0 0.8019612590799031 0.8884281282316443 0.024297820823244554 0.02262668045501551
0 0.8241646489104116 0.8891830403309204 0.021210653753026634 0.027611168562564632
0 0.8523002421307506 0.8899276111685626 0.024552058111380146 0.0256153050672182
0 0.8760169491525424 0.8907238883143744 0.020423728813559323 0.026059979317476733
0 0.605726392251816 0.8717580144777664 0.024031476997578693 0.04955532574974147
0 0.8328329297820822 0.9544881075491211 0.026343825665859567 0.08170630816959669
0 0.5887893462469733 0.7964529472595656 0.022711864406779664 0.036876938986556355
0 0.6081476997578692 0.7973422957600828 0.021343825665859562 0.03551189245087901
0 0.6122397094430992 0.6947052740434333 0.022130750605326877 0.03046535677352637
0 0.662772397094431 0.6902275077559463 0.020048426150121063 0.03889348500517063
0 0.681004842615012 0.681416752843847 0.01987893462469734 0.05603929679420889
0 0.7167191283292978 0.6860599793174766 0.020738498789346246 0.03866597724922441
0 0.7353753026634382 0.6825853154084798 0.020048426150121063 0.053753877973112714
0 0.8211864406779661 0.48000000000000004 0.02069007263922518 0.051964839710444674
0 0.8375181598062954 0.47490175801447776 0.018062953995157383 0.04178903826266804
0 0.9295278450363196 0.3876008273009307 0.020242130750605325 0.041054808686659776
0 0.9700242130750606 0.3837642192347467 0.019818401937046006 0.03338159255429163
0 0.9716101694915253 0.16516028955532575 0.021610169491525427 0.058676318510858326
0 0.8507021791767554 0.08725956566701137 0.02407990314769976 0.054736297828335057
0 0.870363196125908 0.09870734229576009 0.022699757869249396 0.05213029989658738
0 0.9051331719128329 0.09623578076525337 0.024358353510895884 0.05761116856256463
0 0.3696852300242131 0.2538159255429162 0.03776029055690073 0.054002068252326785
0 0.5188377723970944 0.21224405377456051 0.02394673123486683 0.0253464322647363