0 0.11608824320688726 0.5099774024282815 0.026365348399246695 0.03699873606802257
0 0.15341673392520852 0.782393044544027 0.025127791229486114 0.035926308935616214
0 0.0961124562819478 0.509345436439542 0.027710519235942963 0.04220766785399667
0 0.42029862792574657 0.974242598337738 0.02510088781275224 0.03489218277222428
0 0.9844901802528921 0.36541039488299054 0.023944040893193498 0.036922134129993484
0 0.6333198816249664 0.09546516526868129 0.02259887005649699 0.03171320234401932
0 0.45844767285445254 0.6737331954498449 0.026392251815980573 0.038032862231414506
0 0.043327952649986554 0.7122639702784481 0.028921172988969596 0.0422459688230111
0 0.042103847188592954 0.36297828335056875 0.03013182674199623 0.042284269792025764
0 0.5446865751950497 0.3850779424719445 0.026472962066182413 0.04113524072159031
0 0.23708635996771588 0.5112221839212532 0.02383642722625771 0.03278562947642574
0 0.03847188592951305 0.4558581332107702 0.025181598062953992 0.03799456126239984
0 0.06311541565778854 0.26393197747903024 0.02523540489642185 0.04006281358918383
0 0.7156174334140436 0.6085066452181239 0.028974979822437522 0.04431422114979497
0 0.23563357546408392 0.66461756482439 0.02633844498251282 0.03596460990463064
0 0.08380414312617704 0.570952545099391 0.03134248049502286 0.04232257076104019
0 0.7363599677159 0.47587038952085486 0.02265267688996516 0.03378145467080325
0 0.40499058380414316 0.08359186487418133 0.02633844498251268 0.03596460990463058
0 0.8121603443637342 0.27419663717492054 0.02644605864944847 0.04010111455819838
0 0.2031207963411353 0.786548699682102 0.02383642722625771 0.03278562947642574
0 0.15177562550443907 0.3705810256999502 0.02534301856335755 0.04419931824275156
0 0.0934893731503901 0.12953387720709333 0.025208501479687923 0.039028687425791866
0 0.10456012913640034 0.4155846642920065 0.02644605864944847 0.04010111455819838
0 0.27602905569007263 0.6131985139224022 0.026311541565778872 0.03493048374123871
0 0.5327818132902878 0.0902179325136926 0.027522195318805506 0.034968784710253165
0 0.058272800645682 0.3102761499865947 0.03045466774280333 0.05469378375272897
0 0.3949152542372882 0.974989467233521 0.027791229486144698 0.045310046344172475
0 0.7784638149044929 0.07164196254165231 0.030320150659133478 0.04952315293576927
0 0.9181194511702985 0.2785820981270826 0.027683615819209185 0.041173541690604734
0 0.6836427226257734 0.10015703397295951 0.02141511972020444 0.03270902753839671
0 0.4403551251008878 0.675743996323107 0.02652676889965017 0.043203493048374175
0 0.7336965294592412 0.3967405875368647 0.0316384180790959 0.053697958558351466
0 0.6165321495829971 0.4498640315599985 0.029136400322840927 0.05051897813014669
0 0.1724778046811945 0.37588570990846065 0.025154694646220062 0.036960435099008024
0 0.12016411084207695 0.7828909571412157 0.02267958030669897 0.034815580834195184
0 0.7306564433683078 0.6053659657589338 0.02273338714016686 0.03688383316097882
0 0.6518966908797418 0.7397832165153779 0.040408931934355616 0.018844076755141853
0 0.2297148237826204 0.7858401317553334 0.02768361581920905 0.041173541690604734
0 0.08015873015873015 0.2680876326171052 0.02512779122948615 0.03592630893561598
0 0.4794726930320151 0.086981500631966 0.022598870056497265 0.031713202344019295
0 0.559362389023406 0.08899230150522808 0.027549098735539315 0.0360029108736451
0 0.7217917675544795 0.9388333524838178 0.027791229486144972 0.045310046344172475
0 0.11844229217110575 0.34472787161515184 0.02394404089319343 0.036922134129993484
0 0.7205811138014528 0.4738212876785783 0.02273338714016686 0.036883833160979054
0 0.054170029593758405 0.45480485656287106 0.02507398439601829 0.033858056608832225
0 0.718401937046005 0.5295491975946992 0.027683615819209185 0.041173541690604734
0 0.215119720204466 0.6665517637596232 0.028974979822437453 0.04431422114979497
0 0.5073446327683616 0.08889654908269179 0.02510088781275224 0.03489218277222416
0 0.5076002152273339 0.7961813933892528 0.03139628732849079 0.04439082308782406
0 0.729109496906107 0.871385346049255 0.017702448210922837 0.029491746141177562
0 0.22502017756255047 0.5821364280516297 0.028894269572235683 0.04121184265961916
0 0.17639225181598062 0.8053353249837222 0.025450632230293268 0.048335822896319415
0 0.8668011837503363 0.8400934543643955 0.027737422652676803 0.043241794017388605
0 0.1444982512779123 0.5790723505304683 0.030158730158730142 0.0433183959554177
0 0.48221684153887545 0.5876900685587345 0.02641915523271466 0.03906698839480644
0 0.2925343018563357 0.6199203339844498 0.02776432606941082 0.04427592018078054
0 0.6243879472693032 0.7983262476540657 0.025504439063761025 0.050404075223103285
0 0.6945655098197471 0.9384886437626871 0.026365348399246764 0.03699873606802257
0 0.9764057035243476 0.2871423647018269 0.02730696798493421 0.07319315178674025
0 0.12097121334409469 0.3024436018231261 0.028786655905299965 0.037075338006051665
0 0.47728006456820016 0.32818185300088093 0.02515469464622013 0.036960435099008024
0 0.2903147699757869 0.5113562373128041 0.022545063223029373 0.029644950017235515
0 0.9612456281947807 0.5646137347274887 0.02652676889965017 0.043203493048374175
0 0.8112725316115146 0.4028112911256655 0.023997847726661116 0.03899038645677735
0 0.4634786117836966 0.5881305297024014 0.02894807640570344 0.043280094986403034
0 0.6174065106268496 0.5299705082538588 0.02625773473231098 0.03286223141445484
0 0.6696933010492333 0.40091539315944696 0.021388216303470358 0.03167490137500472
0 0.07644605864944848 0.12537822206901833 0.029082593489373136 0.04845072580336282
0 0.28630616088243205 0.7989965146118196 0.025289211729889727 0.04213106591596781
0 0.341713747645951 0.789900034470872 0.026472962066182413 0.04113524072159031
0 0.6603443637341943 0.8087632617105214 0.022571966639763182 0.030679076180627214
0 0.5761501210653752 0.5947948983109274 0.02892117298896963 0.0422459688230111
0 0.9686440677966102 0.3607759776322341 0.024132364810330986 0.044161017273737016
0 0.4792709174065106 0.7999348883526753 0.026284638149044925 0.03389635757784677
0 0.3202851762173796 0.7566739438507795 0.02526230831315578 0.04109693975257588
0 0.28473231100349744 0.7617488222452028 0.02507398439601829 0.03385805660883234
0 0.5830373957492601 0.09232448580949097 0.026365348399246764 0.036998736068022516
0 0.7299300511164918 0.6936880003064078 0.02518159806295394 0.03799456126239984
0 0.6769168684422922 0.8645677735646712 0.02009685230024202 0.02853422191581449
0 0.2300376647834275 0.44951932283886786 0.022814097390368566 0.03998621165115485
0 0.6072908259348937 0.09464169443486921 0.02636534839924663 0.036998736068022516
0 0.7433010492332527 0.5334367459496726 0.021388216303470358 0.03167490137500472
0 0.319774011299435 0.9695124286644452 0.02510088781275224 0.03489218277222428
0 0.9539144471347862 0.2828143552031867 0.02771051923594272 0.04220766785399667
0 0.8565644336830777 0.35361369642651963 0.027818132902878507 0.0463441725075644
0 0.4594027441485069 0.38496303956490097 0.027710519235942994 0.04220766785399667
0 0.7940005380683347 0.5991037573250603 0.03258003766478334 0.04339499789344679
0 0.043543179983857955 0.767034355969206 0.0240247511433952 0.04002451262016928
0 0.7743206887274685 0.7028419319008771 0.028974979822437522 0.044314221149795205
0 0.7154694646220071 0.6958137040867134 0.02526230831315592 0.04109693975257565
0 0.47808716707021787 0.3824543260944502 0.02386333064299166 0.03381975563981768
0 0.8860640301318268 0.83656976521506 0.025127791229486048 0.035926308935616214
0 0.8463007801990853 0.9355394691485696 0.025289211729889727 0.04213106591596781
0 0.6588108689803605 0.09885480102646597 0.02762980898574102 0.0391052893638209
0 0.20936238902340598 0.5847408939446168 0.02660747914985201 0.04630587153854998
0 0.5931665321495829 0.5281703627101766 0.028974979822437522 0.04431422114979497
0 0.5995157384987894 0.4467425025853154 0.02652676889965017 0.043203493048374175
0 0.709026096314232 0.09941016507717645 0.023944040893193498 0.036922134129993484
0 0.2725047080979284 0.8032096212034164 0.02410546139359704 0.04312689111034508
0 0.11713747645951036 0.8757899574859245 0.027818132902878646 0.0463441725075644
0 0.12218186709712132 0.4187253437511969 0.027818132902878646 0.0463441725075644
0 0.778840462738768 0.27210923436362944 0.027737422652676803 0.043241794017388605
0 0.9635055152004305 0.6514803324524111 0.027791229486144972 0.045310046344172475
0 0.0537395749260156 0.4847562143322226 0.023809523809523798 0.031751503313033815
0 0.4421576540220608 0.326554061817764 0.022787193973634618 0.0389520854877628
0 0.8679580306698952 0.5590792447048911 0.024051654560129282 0.04105863878356122
0 0.25451977401129944 0.7861082385384351 0.02644605864944847 0.04010111455819838
0 0.36479687920365883 0.32875636753609866 0.027656712402475102 0.040139415527212806
0 0.3783696529459241 0.08326630663755794 0.02633844498251268 0.03596460990463058
0 0.16012913640032284 0.5056876938986556 0.021307506053268793 0.028572522884829032
0 0.8786386871132634 0.2721666858171512 0.02649986548291636 0.04216936688498224
0 0.08466505246166263 0.6040445823279329 0.024966370729082574 0.029721551955264606
0 0.8297686306160883 0.9510322111149412 0.02510088781275224 0.03489218277222404
0 0.05851493139628732 0.22658853268987705 0.026499865482916326 0.042169366884982185
0 0.7818536454129674 0.6436669347734497 0.03018563357546416 0.0443525221188094
0 0.4440677966101695 0.8184534068711938 0.03026634382566586 0.04745490060898543
0 0.7076809254775357 0.21044467425025853 0.029244013989776715 0.054655482783714425
0 0.7144202313693839 0.8647209774407293 0.024132364810330986 0.044161017273737016
0 0.8007801990852839 0.5342219158144701 0.022571966639763182 0.030679076180627447
0 0.17742803336023674 0.49641885939714275 0.02919020715630882 0.05258723045693067
0 0.6782351358622545 0.26427668620016087 0.027683615819209185 0.0411735416906048
0 0.8133709981167608 0.5997165728292925 0.02760290556900721 0.038071163200428935
0 0.5682001614205004 0.2892106170286108 0.022625773473231074 0.032747328507411314
0 0.8101829432337907 0.7794055689608947 0.028060263653483887 0.05565130797809181
0 0.6213478611783697 0.937205561300701 0.02536992198009143 0.045233444406143616
0 0.7934893731503901 0.346968478302501 0.02273338714016686 0.036883833160979054
0 0.29374495560936237 0.968688957830633 0.02633844498251282 0.03596460990463064
0 0.3337234328759753 0.6687540694779578 0.026472962066182413 0.04113524072159031
0 0.3448479956954533 0.9801217970814662 0.022518159806295426 0.028610823853843344
0 0.28537799300511163 0.577329656440308 0.025208501479687888 0.03902868742579201
0 0.8005649717514124 0.6421923474663909 0.028867366155501735 0.040177716496227235
0 0.34420231369383913 0.3275881879811559 0.02776432606941089 0.04427592018078054
0 0.3065509819747108 0.577482860316366 0.028786655905300034 0.03707533800605143
0 0.36785041700295934 0.794860009958252 0.02386333064299166 0.03381975563981768
0 0.9217245090126446 0.6496418859397143 0.0241054613935969 0.04312689111034508
0 0.2789615281140705 0.446934007430388 0.026472962066182413 0.04113524072159031
0 0.7941619585687382 0.6983032670726569 0.030535377993005052 0.05779616224290477
0 0.9449287059456551 0.8673637443027309 0.03174603174603168 0.0578344632119192
0 0.7355797686306161 0.09715040790532002 0.022545063223029373 0.029644950017235456
0 0.9096179714823782 0.5562641234823241 0.02776432606941089 0.04427592018078054
0 0.4169222491256389 0.7979623884484277 0.02133440947000274 0.02960664904822085
0 0.4119316653214959 0.5828832969474128 0.0313424804950229 0.04232257076104019
0 0.27551789077212807 0.2448197939407867 0.02644605864944847 0.040101114558198314
0 0.7959644874899112 0.9535792255544066 0.02278719397363448 0.03895208548776268
0 0.383454398708636 0.5809490980121798 0.027522195318805506 0.03496878471025314
0 0.778423459779392 0.34907503159829945 0.026553672316384253 0.04423761921176611
0 0.6520446596717784 0.3967405875368647 0.02776432606941089 0.04427592018078054
0 0.6012241054613936 0.6983990194951932 0.03174603174603168 0.0578344632119192
0 0.21429916599408125 0.23978321651537784 0.02773742265267694 0.043241794017388605
0 0.14487489911218726 0.6167988050097667 0.02512779122948615 0.035926308935616214
0 0.6631154156577885 0.7060400628135892 0.026392251815980573 0.038032862231414506
0 0.30338983050847457 0.3164809069669463 0.02633844498251275 0.03596460990463064
0 0.6860640301318267 0.5187100233635911 0.026741996233521744 0.05147650235550965
0 0.6198143664245359 0.36678922976751316 0.02141511972020444 0.03270902753839665
0 0.416182405165456 0.258052778735302 0.02641915523271466 0.03906698839480638
0 0.07921711057304279 0.0459037113638975 0.02945924132364808 0.0629284920908499
0 0.4161285983319882 0.6279635374774982 0.02284100080710251 0.04102033781454679
0 0.09749798224374495 0.7950898157723391 0.02806026365348399 0.05565130797809181
0 0.21034436373419424 0.5062430579493662 0.023970944309927373 0.03795626029338541
0 0.35503093892924403 0.6740779041709755 0.026715092816787658 0.050442376192117715
0 0.39681194511702983 0.2574399632310697 0.02652676889965017 0.04320349304837412
0 0.6838175948345439 0.827588187981156 0.025316115146623536 0.043165192079359746
0 0.7245224643529727 0.7415642115745529 0.057277374226526796 0.01627791183116947
0 0.7951573849878935 0.2715921712819334 0.029055690072639227 0.047416599639970886
0 0.22246435297282754 0.3211536251867172 0.03171912832929781 0.056800337048527265
0 0.2142453591606134 0.44695315791489526 0.027737422652676872 0.043241794017388605
0 0.3702448210922787 0.979891991267379 0.021388216303470632 0.03167490137500472
0 0.981329028786656 0.5693822053697959 0.0275760021522734 0.037037037037037
0 0.9479687920365887 0.4727488605461718 0.025423728813559324 0.04730169673292736
0 0.6749260156039816 0.4625608027883106 0.030750605326876623 0.06606917155004025
0 0.28527037933817595 0.3174575816768164 0.02399784772666125 0.03899038645677735
0 0.6473769168684423 0.7055421502164005 0.021549636803874037 0.037879658355356324
0 0.04156577885391445 0.22605231912367385 0.026499865482916326 0.04216936688498224
0 0.3914850686037127 0.796641005017427 0.0250201775625504 0.03178980428204824
0 0.46031746031746035 0.32712857635298176 0.022706483723432917 0.03584970699758712
0 0.5763922518159806 0.6273507219732659 0.022464352972827673 0.026542571527059713
0 0.10525961797148238 0.23323375081389558 0.022787193973634653 0.03895208548776286
0 0.4305084745762712 0.08801562679535793 0.02633844498251268 0.03596460990463058
0 0.8978746300780198 0.7790800107242714 0.027602905569007484 0.038071163200428935
0 0.7029728275490987 0.8199279941782528 0.02536992198009143 0.045233444406143616
0 0.27207425343018565 0.5309280324792217 0.02937853107344631 0.013328737217051618
0 0.5566585956416464 0.3337929449615075 0.02916330373957501 0.05155310429353862
0 0.169787463007802 0.43521391091194606 0.02590799031476995 0.06591596767398217
0 0.06053268765133172 0.04841242483434831 0.025262308313155762 0.041096939752575744
0 0.7825396825396825 0.5537937109808878 0.037933817594834725 0.016699222490329128
0 0.43486682808716703 0.6275230763338312 0.02908259348937317 0.0484507258033627
0 0.5499192897497982 0.28398253475812935 0.02526230831315578 0.041096939752575765
0 0.8359833198816249 0.7016929028304416 0.024509012644605963 0.05863878356122409
0 0.6061877858488028 0.9356926730246274 0.02660747914985201 0.04630587153854998
0 0.9679176755447942 0.7280822704814432 0.02900188323917133 0.045348347313186904
0 0.3344767285445252 0.5117200965184419 0.02273338714016686 0.036883833160978936
0 0.10200430454667743 0.8753111953732429 0.024132364810330917 0.04416101727373725
0 0.14946193166532148 0.44438699299092266 0.024051654560129147 0.04105863878356122
0 0.4450094161958569 0.7616530698226665 0.027522195318805506 0.03496878471025314
0 0.8378800107613668 0.35612240989697036 0.026365348399246764 0.03699873606802257
0 0.7921442023136939 0.7834846221609406 0.025289211729889727 0.04213106591596781
0 0.8018025289211729 0.4805239572561186 0.02456281947807358 0.06070703588800796
0 0.30804412160344363 0.37914129227469456 0.02526230831315578 0.041096939752575765
0 0.9296341135324185 0.5584472787161515 0.02397094430992758 0.03795626029338541
0 0.715496368038741 0.39461488375655907 0.02649986548291636 0.04216936688498224
0 0.5688189400053807 0.824466659006473 0.02534301856335762 0.04419931824275168
0 0.9016545601291364 0.9476234248726493 0.023675006725854306 0.07307824887969673
0 0.8317998385794996 0.7733731663411084 0.023782620392790093 0.030717377149641876
0 0.15796341135324185 0.23645103221111494 0.02892117298896963 0.04224596882301122
0 0.6543179983857951 0.46087556015167186 0.02892117298896963 0.04224596882301122
0 0.9236077481840194 0.16406220077367958 0.03179983857949958 0.059902715538703126
0 0.3712133440947001 0.5056493929296412 0.029297820823244607 0.05672373511049829
0 0.35866290018832386 0.2557164196254165 0.02768361581920905 0.041173541690604734
0 0.6854587032553134 0.3094526791527826 0.028167877320419674 0.013290436248037071
0 0.8527441485068604 0.6949902332529013 0.02652676889965017 0.043203493048374175
0 0.23311810599946192 0.24244513386188668 0.026795803066989497 0.05354475468229346
0 0.12399784772666128 0.23279328967022866 0.02391713747645948 0.03588800796660155
0 0.1634920634920635 0.3094718296372898 0.02399784772666125 0.03899038645677735
0 0.2939198278181329 0.2547014439465319 0.02849071832122676 0.07219732659236275
0 0.4290691417810062 0.45116626450649205 0.036481033091202576 0.05385116243440965
0 0.8594430992736077 0.2782756903749665 0.028087167070217973 0.05668543414148375
0 0.33689803605057844 0.44205063388103716 0.02391713747645955 0.03588800796660155
0 0.784570890503094 0.46912941897430005 0.02265267688996516 0.03378145467080313
0 0.30461393596986813 0.7587613466620705 0.030454667742803348 0.054693783752728736
0 0.5893462469733657 0.7998008349611245 0.03249932741458164 0.08678999578689335
0 0.41311541565778853 0.14016239610862155 0.03169222491256379 0.05576621088513539
0 0.3188054882970138 0.44406143475429927 0.026553672316384253 0.04423761921176611
0 0.4848533763788001 0.960358497069976 0.05084745762711865 0.0792830058600481
0 0.3843153080441216 0.4513003178980428 0.02668818940005385 0.04940825002872578
0 0.3677428033360237 0.4419931824275154 0.02652676889965017 0.043203493048374175
0 0.27835620123755717 0.3771687923704469 0.02649986548291636 0.04216936688498224
0 0.29593758407317733 0.37875828258454936 0.019155232714554715 0.038837182580719394
0 0.3400995426419155 0.262878700831131 0.028114070486951782 0.057719560304875676
0 0.20254237288135596 0.15984909418208282 0.025638956147430756 0.055574706040062836
0 0.20562281409739036 0.11551572254778045 0.023648103309120223 0.025546746332682207
0 0.23279526499865483 0.11379217894212723 0.020043045466774264 0.02646596958903059
0 0.25700834005918755 0.11455819832241755 0.022437449556093586 0.025508445363667722
0 0.2783158461124563 0.11988203301543529 0.022383642722625764 0.02344019303688385
0 0.30547484530535374 0.11764142632808611 0.021280602636534845 0.027538396721437042
0 0.33089857411891305 0.11844574667739094 0.023621199892386414 0.024512620169290275
0 0.35694108151735265 0.11978628059289902 0.01883239171374763 0.026427668620016075
0 0.3824186171643799 0.1226588532689877 0.022329835889157938 0.021371940710099985
0 0.4985068603712671 0.14441380366923284 0.029244013989776715 0.054655482783714425
0 0.35477535647027175 0.08303650082347085 0.018805488297013683 0.02539354245662414
0 0.4577347323110034 0.08836033551648859 0.021226795803066953 0.025470144394653175
0 0.1799973096583266 0.3161936496993374 0.026903416733925215 0.05768125933586125
0 0.2044121603443637 0.3247156153050672 0.022894807640570405 0.043088590141330534
0 0.29775356470271724 0.4485617986135049 0.02437449556093623 0.05346815274426442
0 0.834194242668819 0.4701826956221992 0.021711057304277716 0.04408441533570792
0 0.8522329835889159 0.4661036424221533 0.024993274145816452 0.030755678118656423
0 0.8843287597524885 0.4676356811827339 0.020365886467581213 0.03887548354973382
0 0.9008609093354856 0.4753916274081734 0.026849609900457528 0.055613007009077384
0 0.930952380952381 0.4696273315714887 0.019209039548022746 0.040905434907503146
0 0.7797686306160884 0.4007813397678961 0.02284100080710265 0.04102033781454679
0 0.7960855528652138 0.4002642766862001 0.02146892655367206 0.03477727986518052
0 0.7094700026903417 0.1397219349649546 0.024912563895614748 0.02765329962848062
0 0.7342749529190208 0.13999004174805624 0.02606941081517349 0.025623348270711242
0 0.7621737960721011 0.14293921636217397 0.027387678235135913 0.029798153893293464
0 0.7869652945924132 0.1426902600635796 0.024966370729082643 0.02972155195526449
0 0.812953995157385 0.1419625416523038 0.024804950228678964 0.023516794974912887
0 0.8353376378800107 0.1421540464973764 0.02251815980629529 0.02861082385384352
0 0.8631692224912565 0.14251790570301429 0.026096314231907575 0.026657474434103177
0 0.8867635189669089 0.1427477115171014 0.021253699219801036 0.026504270558045107
0 0.6165725047080979 0.1491822743115401 0.026715092816787658 0.05044237619211765
0 0.8433279526499866 0.07731050595580069 0.029970406241592584 0.08257688919529664
0 0.6003631961259079 0.22358190662223754 0.023970944309927307 0.03795626029338541
0 0.6197202044659672 0.22367765904477385 0.02273338714016686 0.036883833160978936
0 0.6242130750605326 0.326630663755793 0.023809523809523624 0.031751503313033815
0 0.6745897228948077 0.33339078478685513 0.02160344363734193 0.03994791068214019
0 0.6929782082324455 0.3427553717109043 0.0220338983050848 0.05649392929641113
0 0.7285848802797955 0.3397487456432648 0.022814097390368566 0.03998621165115485
0 0.747457627118644 0.3444789153165575 0.02198009147161691 0.05442567696962726
0 0.8344767285445253 0.5507870849132482 0.02316384180790946 0.05342985177524999
0 0.8509550712940543 0.5564747788119039 0.020473500134516997 0.043011988203301564
0 0.9434624697336561 0.6482630510551918 0.021657250470809547 0.04201616300892406
0 0.9835216572504708 0.6536634876862385 0.021468926553672336 0.03477727986518052
0 0.9867904223836427 0.8723045693056034 0.02453591606133977 0.05967290972461602
0 0.8658864675813828 0.9444252939599371 0.026849609900457528 0.055613007009077384
0 0.885579768630616 0.9341989352330614 0.025585149313962725 0.053506453713279084
0 0.9207559860102233 0.9378949787429622 0.026930320150659232 0.05871538549925318
0 0.38376378800107613 0.7555823662338658 0.04016680118375037 0.05603431766823704
0 0.5332122679580307 0.8042245968823012 0.024885660478880803 0.026619173465088807