0 0.4478505091193912 0.6217256617010615 0.027069486404833948 0.035214796592410426
0 0.23457759874678305 0.8644936449364493 0.03270448696430569 0.04915493599380449
0 0.7741814926709186 0.324358799143547 0.027056059080228297 0.07575964648535376
0 0.3345194136734922 0.7365495877180993 0.024388497258588 0.058357250239168934
0 0.5278616985565626 0.24586579199125325 0.0257043750699339 0.06582843606213842
0 0.6769117153407183 0.7248644708669308 0.021421058520756278 0.061819507083959564
0 0.25087837081794784 0.7397840645073117 0.038160456529036595 0.0507949523939684
0 0.6871970459885868 0.5158307138626941 0.03016224683898389 0.04036262584848067
0 0.8435090074969228 0.3922372557058904 0.02396329864607835 0.07061181722928338
0 0.06615419044422066 0.8249738052936085 0.029540114132259144 0.0390870575372421
0 0.3833590690388274 0.7813994806614734 0.029522211032785052 0.0378570452371191
0 0.8395703256126218 0.7457746799690219 0.025028533064786977 0.06086283085053078
0 0.570153295289247 0.5332558881144367 0.03268658386483158 0.04792492369368148
0 0.9092894707396219 0.39280670584483623 0.027087389504307783 0.036444808892533286
0 0.7218641602327404 0.3940367181449592 0.027069486404833948 0.035214796592410426
0 0.6506053485509679 0.6869163136075804 0.029504307933310804 0.036627032936996096
0 0.33594494796911717 0.36907202405357387 0.023658945955018468 0.04970160812719236
0 0.7084457871769049 0.3207143182542937 0.02525679758308168 0.03507812855906332
0 0.8874387378314872 0.5670812263678193 0.027713997985901382 0.07949523939683834
0 0.5684883070381559 0.730581750261947 0.029540114132259026 0.0390870575372421
0 0.2998164932303905 0.5290647350917953 0.03259706836746116 0.04177486219306634
0 0.6154481369587109 0.4069746253018085 0.02010518070941038 0.05434832126099043
0 0.37387937786729325 0.60334381121589 0.0429405840886203 0.04746936358252474
0 0.6346492111446794 0.497676643433101 0.026501062996531412 0.03762926518154072
0 0.8735817388385364 0.6897635643023098 0.024513818954906497 0.06696733634002994
0 0.7767349222334117 0.3769987699876999 0.03323710417366 0.04428044280442804
0 0.8873760769833277 0.2396473964739647 0.028653910708291506 0.06113616691722472
0 0.8589839991048451 0.26206095394287277 0.027534966991160276 0.06719511639560846
0 0.27854313528029545 0.8710081545259897 0.03568982880161124 0.046922691449136855
0 0.7052500839207788 0.8720103867705344 0.0351035022938346 0.048107147738144014
0 0.9756070269665436 0.7711493781604483 0.024903211368468202 0.05225274474966977
0 0.9117377195927046 0.43193931939319397 0.030694864048338478 0.03548813265910437
0 0.251281190556115 0.5462393512824018 0.03266868076535746 0.04669491139355848
0 0.46754168065346313 0.7824244909115757 0.029575920331207383 0.0415470821374881
0 0.8197292156204543 0.40877408774087737 0.022271455745776127 0.03731037310373109
0 0.5465547722949535 0.682474602523803 0.030784379545708757 0.04163819415971951
0 0.6455969564730895 0.4090018677964557 0.02367684905449258 0.05093162042731536
0 0.9701644847264183 0.5645300897453419 0.039333109544589885 0.048426039815953795
0 0.3996620789974264 0.30406359619151746 0.029558017231733135 0.040317069837365105
0 0.18110999216739398 0.3911894674502301 0.032010741859684444 0.042959318482073634
0 0.49933534743202423 0.7751127511275113 0.018292491887658115 0.05421165322764318
0 0.5695177352579165 0.6598560430048744 0.028385364216179848 0.0426859824153797
0 0.5703569430457648 0.6229328959956266 0.02760210361418826 0.030340303403034122
0 0.8110215956137408 0.4886793312377568 0.02717690500167861 0.04259487039314829
0 0.6917063891686249 0.4755592000364448 0.028260042519861073 0.03407589631451869
0 0.9458296967662526 0.7021320213202132 0.031818283540337895 0.0712040453737871
0 0.6915765916974377 0.6088788665664434 0.02605796128454738 0.048653819871532035
0 0.6129014210585209 0.20873764293198485 0.02962962962962958 0.045237119037857036
0 0.6368020588564395 0.30830030522527446 0.02129573682443778 0.05320942098309869
0 0.19938010518070942 0.5458521251879186 0.03517511469173104 0.05302719693863602
0 0.5730715005035246 0.5815680379026013 0.026501062996531276 0.03762926518154072
0 0.5944634664876357 0.45954626212928795 0.022821976054604412 0.033665892214477786
0 0.6993666778561037 0.3017402396246185 0.018059751594494675 0.038221493326044374
0 0.04654358285778225 0.741674638968612 0.024724180373727197 0.03995262174843948
0 0.2993666778561038 0.8295066283996173 0.03162134944612281 0.05767391007243409
0 0.6247890791093208 0.4701608127192383 0.020405057625601252 0.03348366817001497
0 0.853834620118608 0.6365769213247687 0.01823878258923578 0.05052161632727418
0 0.22591697437618885 0.5886975536422031 0.027745328409981007 0.040180401804018134
0 0.6875439185408974 0.34686346863468637 0.025274700682555516 0.036308140859186315
0 0.4214210585207564 0.5715001594460389 0.03014434373950992 0.03913261354835766
0 0.08442654134497035 0.46114072251833627 0.0258610271903323 0.03512368457017902
0 0.652912610495692 0.715001594460389 0.028277945619335457 0.03530590861464169
0 0.3475797247398456 0.5856680789030112 0.02520308828465935 0.031388091658694314
0 0.4776032225579054 0.7546353241310191 0.01937562940584085 0.04569267914901386
0 0.20215060982432584 0.6457792355701334 0.031442318451381915 0.045373787071204076
0 0.8303748461452388 0.4030568083458612 0.01703032337473427 0.05043050430504305
0 0.846037820297639 0.17703065919548083 0.02417366006489867 0.04359710263769306
0 0.7632001790309947 0.47754088651997634 0.03192122636231382 0.03680925698145863
0 0.21585319458431237 0.7203088697553642 0.03570773190108535 0.04815270374925986
0 0.48340158890007834 0.5428682064598424 0.03327291037260822 0.046740467404674045
0 0.9693006601767931 0.4165413876360986 0.026536869195479634 0.040089289781786726
0 0.6107172429226809 0.6076032982552048 0.023126328745664157 0.05457610131656866
0 0.43599194360523663 0.4205047606031616 0.021935772630636757 0.0557150015944604
0 0.3593465368691955 0.730991754361988 0.020158890007832574 0.05803835816135943
0 0.6692894707396218 0.7924012573459067 0.026022155085599158 0.04619379527128617
0 0.3578180597515945 0.31766206550954396 0.022857782253552634 0.03612591681472378
0 0.7780552758196263 0.8253610313880916 0.03138860915295951 0.041683750170835074
0 0.69067472306143 0.1524987472096943 0.022804072955130438 0.03243587991435471
0 0.34400358061989483 0.5410915220263314 0.02765581291261059 0.03403034030340313
0 0.9049994405281415 0.12773905516832945 0.025861027190332436 0.03512368457017902
0 0.12136063556003132 0.4116668944467222 0.02589683338928052 0.03758370917042502
0 0.9297907575248966 0.2905106828846066 0.026447353698108807 0.03393922828117172
0 0.5991585543247174 0.5931164867204227 0.01585767035918098 0.05279941688305765
0 0.32172764909925033 0.20550316614277253 0.028900078326060185 0.036581476925880395
0 0.7463936443996867 0.7614003917816955 0.025807317891910105 0.031433647669810154
0 0.7700055947185857 0.5697918090292015 0.03050240572899172 0.06373285955081769
0 0.05370482264742084 0.49847387362762513 0.02831375181828354 0.03776593321488769
0 0.2080384916638693 0.3449273381622705 0.024263175562269226 0.04974716413830806
0 0.5149602774980419 0.6553687759099813 0.018663981201745568 0.038267049337160006
0 0.13908917981425534 0.8938089380893809 0.03634776770728433 0.050658284360621426
0 0.39347208235425757 0.5220035533688671 0.030305471634776777 0.050202724249464675
0 0.8794472418037372 0.5148512596237074 0.025968445787176827 0.04250375837091703
0 0.8970012308380888 0.801649127602387 0.024137853865950448 0.041137078037446914
0 0.0927514826004252 0.8844016217939956 0.032046548058632635 0.04541934308231992
0 0.6885129237999328 0.4254248098036536 0.016372384469061182 0.046694911393558344
0 0.4450688150386036 0.5433009885654412 0.03082018574465698 0.04409821875996537
0 0.4243168848606916 0.49694774725525026 0.02774532840998087 0.040180401804018134
0 0.6105247846033345 0.4964238531274202 0.02292939465144894 0.04104596601521579
0 0.7376278393196822 0.7209010978998679 0.021242027526015447 0.04951938408272955
0 0.47948528589011974 0.355792446813357 0.022217746447353658 0.03362033620336194
0 0.8475483943157659 0.6745250785841193 0.017598746783036804 0.04801603571591261
0 0.8203647756517847 0.19923921461436836 0.02335459326395886 0.02879139902510134
0 0.923211368468166 0.6596054849437383 0.0268949311849613 0.06468953578424676
0 0.4610965648427884 0.478816454831215 0.023533624258699693 0.04109152202633135
0 0.2890567304464586 0.1901507903967929 0.03496027749804185 0.038267049337160006
0 0.20520980194696206 0.7880734362899184 0.029701242027526022 0.05015716823834911
0 0.8339577039274925 0.7167099448772266 0.02335906903882732 0.07056626121816782
0 0.6677251874230727 0.38153159309370877 0.01791652679870179 0.028381394925060435
0 0.2957122076759539 0.35490410459660154 0.026483159897057164 0.036399252881417724
0 0.7752892469508783 0.5177896223406678 0.028953787624482655 0.04027151382624926
0 0.5097840438625937 0.7829256070338481 0.024424303457536083 0.06081727483941494
0 0.6544724180373728 0.5871030932531547 0.02831375181828368 0.03776593321488769
0 0.9114579836634218 0.47189194114163363 0.026608481593376077 0.045009338982278733
0 0.7359852299429339 0.5434832126099038 0.018771399798590094 0.04564712313789802
0 0.3844936779679982 0.6412464124641245 0.039333109544589885 0.048426039815953795
0 0.37122076759538997 0.7030659195480844 0.022522099138413403 0.05453054530545324
0 0.563842452724628 0.38629219625529587 0.022414680541568737 0.04715047150471496
0 0.2674454514937899 0.9492506036171472 0.027391742195367528 0.05735501799462431
0 0.11294394091977174 0.4301170789485673 0.017616649882510917 0.04924604801603561
0 0.8427436499944053 0.07161404947382806 0.030963410540449866 0.053938317160949385
0 0.14005818507329082 0.47476196984192065 0.021045093431800367 0.03598924878137668
0 0.38323374734250865 0.2924012573459068 0.019286113908470435 0.03954261764839871
0 0.8927783372496365 0.005557833356111335 0.027087389504307783 0.01111566671222267
0 0.041360635560031334 0.848959045146007 0.020530379321920113 0.04209375427087598
0 0.7715206445115811 0.8596419297526309 0.036168736712543496 0.038358161359391414
0 0.29928163813360187 0.462142954762881 0.02591473648875463 0.03881372147054803
0 0.5233299765021819 0.32914218031069203 0.02218194024840557 0.03116031160311594
0 0.5103009958599083 0.5193385267186005 0.02095557793442995 0.02983918728076167
0 0.12804744321360634 0.6986697644754225 0.03457088508448025 0.05298164092752018
0 0.14265189660960054 0.6490364903649036 0.02776323150945505 0.04141041410414113
0 0.10476446234754393 0.47373695959181816 0.021506098243258373 0.02619470639150837
0 0.7820364775651785 0.7384401621793996 0.021242027526015447 0.04951938408272983
0 0.1547745328409981 0.7906473509179537 0.02895378762448245 0.040271513826249536
0 0.7215553317668121 0.12498291649583161 0.037502517623363506 0.04705935948248372
0 0.2909231285666331 0.7668671131155756 0.02708738950430792 0.036444808892533286
0 0.630802282645183 0.8241765750990843 0.026697997090746356 0.05115940048289374
0 0.8118630412890231 0.18206459842376205 0.016354481369587073 0.045464899093435346
0 0.5104442206557009 0.6753678647897591 0.022911491551974826 0.03981595371509279
0 0.2935593599641938 0.21254156986014305 0.03496027749804185 0.038267049337160006
0 0.2586751706389169 0.3699831442758872 0.030090634441087585 0.03544257664798866
0 0.7933467606579389 0.6663249965832991 0.026375741300212637 0.029019179080679715
0 0.6778762448248852 0.021411325224363353 0.030963410540449866 0.042822650448726705
0 0.5846436164260937 0.47073026285818415 0.017598746783036804 0.04801603571591275
0 0.705243370258476 0.5199990888797776 0.016336578270113238 0.04423488679331248
0 0.7034642497482376 0.3726937269372694 0.020973481033904062 0.031069199580884672
0 0.9566028868747903 0.2522436335474466 0.02646525679758319 0.035169240581294725
0 0.5237820297639029 0.5883558835588356 0.038178359628510704 0.052024964694091395
0 0.7273671254335906 0.534303676370097 0.019321920107418792 0.042002642248644716
0 0.7398075416806534 0.2808755865336431 0.02890007832606005 0.036581476925880395
0 0.4056215732348663 0.9105735501799462 0.038160456529036595 0.0507949523939684
0 0.7533400469956362 0.45002505580611357 0.01976502181940255 0.030978087558653406
0 0.9053754056170975 0.2677782333378889 0.025914736488754492 0.03881372147054803
0 0.15421953675730113 0.5799735775135529 0.02591473648875463 0.03881372147054803
0 0.21797471187199285 0.4916176939547174 0.030126440640035806 0.03790260124823466
0 0.6013830144343739 0.48175481754817545 0.018950430793331065 0.05794724613912803
0 0.2260154414232964 0.3331283312833128 0.029097012420275268 0.05011161222723341
0 0.32533512364328077 0.6211334335565578 0.02472418037372723 0.039952621748439617
0 0.43365782701130134 0.22839506172839502 0.026501062996531276 0.03762926518154072
0 0.13417701689605013 0.2982779827798278 0.02330088396553653 0.025101362124732338
0 0.18266979970907465 0.1803562480069245 0.02330088396553653 0.025101362124732338
0 0.08149043303121853 0.24818914855815224 0.022696654358285773 0.025055806113616706
0 0.07640595278057515 0.34870848708487084 0.022768266756182164 0.02997585531410864
0 0.12136734922233412 0.10020044644890894 0.022714557457759885 0.026285818413739705
0 0.16374846145238894 0.46437519930754867 0.02399462907015777 0.031296979636462906
0 0.2984603334452277 0.4149013712359345 0.023336690164484752 0.02756138672497834
0 0.38295401141322594 0.41528859733041773 0.021667226138525234 0.03726481709261538
0 0.4098690835850956 0.41141633638558606 0.02403043526910606 0.03375700423670905
0 0.34647868412218863 0.49544439888843333 0.022164037148931462 0.029930299302992937
0 0.2574823766364552 0.6385358298027424 0.02897169072395663 0.04150152612637254
0 0.33862369922792884 0.6619060635050794 0.023390399462907083 0.031251423625347344
0 0.33416806534631305 0.69848754043096 0.023887210473313172 0.0239169058357249
0 0.1759248069822088 0.8511001776684434 0.028206333221438947 0.030385859414149688
0 0.2524090858229831 0.8004874493189377 0.025825220991384148 0.03266365996993316
0 0.04745216515609265 0.14017584620290646 0.023976725970683677 0.030066967336340046
0 0.8025131475886763 0.2853628536285363 0.023408302562381193 0.03248143592547034
0 0.8331587781134608 0.29472461391280574 0.02401253216963195 0.03252699193658605
0 0.810477788967215 0.5882419935310464 0.02342620566185503 0.03371144822559335
0 0.7454805863265078 0.6582615826158261 0.02463466487635654 0.03380256024782475
0 0.7164686136287344 0.8269327137715822 0.02642945059863497 0.03270921598104872
0 0.5712453843571668 0.8728987289872898 0.01852075640595282 0.028426950936175997
0 0.5903614188206333 0.8450412281900597 0.01733020029092542 0.029565851214067594
0 0.9425176233635448 0.763814860370826 0.024580955577934483 0.03011252334745547
0 0.9175495132594831 0.8412600792674594 0.018592368803849263 0.033347000136668005
0 0.941852970795569 0.16673500068334016 0.022235649546827906 0.03485034850348508
0 0.9359248069822088 0.014657646576465762 0.025789414792435992 0.029315293152931524
0 0.47194360523665657 0.6665983326499931 0.022804072955130438 0.03243587991435478
0 0.41446122860020146 0.7593959272926063 0.03682667561821631 0.04209375427087598
0 0.42916862481817164 0.32948385039405953 0.023408302562381057 0.03248143592547034
0 0.3344947969117154 0.8004418933078219 0.013579500951102113 0.020682429046512647
0 0.3573839095893476 0.8036308140859186 0.022360971243146406 0.04346043460434595