0 0.6419316843345112 0.6 0.01884570082449941 0.01818181818181818
0 0.38898704358068315 0.3601010101010101 0.019434628975265017 0.01919191919191919
0 0.39369846878680803 0.9888888888888889 0.02061248527679623 0.01818181818181818
0 0.4534746760895171 0.49292929292929294 0.023557126030624265 0.022222222222222223
0 0.7691401648998822 0.5381919191919191 0.015312131919905771 0.012121212121212121
0 0.3303886925795053 0.3212121212121212 0.020023557126030624 0.01818181818181818
0 0.4835335689045936 0.8252020202020203 0.018892815076560657 0.040545454545454544
0 0.38810365135453473 0.4691919191919192 0.01884570082449941 0.01919191919191919
0 0.3624852767962309 0.5823232323232324 0.018256772673733806 0.04141414141414142
0 0.42285041224970554 0.5212121212121212 0.0176678445229682 0.030303030303030304
0 0.33627797408716137 0.36464646464646466 0.016489988221436984 0.044444444444444446
0 0.1501766784452297 0.35 0.028268551236749116 0.01919191919191919
0 0.38898704358068315 0.6171717171717171 0.019434628975265017 0.01818181818181818
0 0.21731448763250882 0.4777777777777778 0.020023557126030624 0.01616161616161616
0 0.20200235571260305 0.5888888888888889 0.0176678445229682 0.014141414141414142
0 0.32714958775029446 0.5722222222222222 0.02061248527679623 0.021212121212121213
0 0.36378091872791524 0.41635353535353536 0.016837455830388693 0.03966666666666667
0 0.3027090694935218 0.7166666666666667 0.02120141342756184 0.01717171717171717
0 0.42314487632508835 0.41414141414141414 0.02061248527679623 0.03232323232323232
0 0.38898704358068315 0.5232323232323233 0.019434628975265017 0.01818181818181818
0 0.48115429917550057 0.5045454545454545 0.016489988221436984 0.03737373737373737
0 0.1413427561837456 0.9106060606060606 0.020023557126030624 0.01919191919191919
0 0.3327444051825677 0.6813131313131313 0.01884570082449941 0.021212121212121213
0 0.20730270906949352 0.8848484848484849 0.0176678445229682 0.01616161616161616
0 0.38839811542991753 0.25404040404040407 0.02061248527679623 0.021212121212121213
0 0.20347467608951708 0.5237373737373737 0.018256772673733806 0.01919191919191919
0 0.7986866902237928 0.21963636363636363 0.021790341578327443 0.01919191919191919
0 0.3589517078916372 0.9388888888888889 0.018256772673733806 0.01717171717171717
0 0.7032273262661954 0.5553030303030303 0.015406360424028268 0.02778787878787879
0 0.688545347467609 0.4817272727272727 0.016666666666666666 0.022535353535353533
0 0.9467020023557126 0.5858585858585859 0.02061248527679623 0.012121212121212121
0 0.8934040047114252 0.4808080808080808 0.0176678445229682 0.014141414141414142
0 0.2670789163722026 0.45555555555555555 0.018256772673733806 0.022222222222222223
0 0.9213780918727915 0.5565656565656566 0.018256772673733806 0.01616161616161616
0 0.40547703180212014 0.6641414141414141 0.02061248527679623 0.01919191919191919
0 0.38869257950530034 0.6272727272727273 0.01884570082449941 0.01818181818181818
0 0.6678445229681979 0.6131313131313131 0.014134275618374558 0.012121212121212121
0 0.08215547703180212 0.1984848484848485 0.019434628975265017 0.01717171717171717
0 0.747791519434629 0.6835959595959595 0.02532979976442874 0.028666666666666667
0 0.7653121319199058 0.6415252525252525 0.02049469964664311 0.020787878787878786
0 0.3869257950530035 0.6813131313131313 0.0176678445229682 0.01919191919191919
0 0.1881625441696113 0.24292929292929294 0.024146054181389872 0.015151515151515152
0 0.7629564193168433 0.06414141414141414 0.02061248527679623 0.01717171717171717
0 0.30918727915194344 0.21616161616161617 0.028268551236749116 0.024242424242424242
0 0.6969964664310954 0.05353535353535353 0.026501766784452298 0.028282828282828285
0 0.23409893992932862 0.2196969696969697 0.02061248527679623 0.01717171717171717
0 0.3957597173144876 0.5651515151515152 0.016489988221436984 0.021212121212121213
0 0.19935217903415783 0.2797979797979798 0.01707891637220259 0.014141414141414142
0 0.6065959952885748 0.694949494949495 0.0176678445229682 0.012121212121212121
0 0.976148409893993 0.8813131313131313 0.01707891637220259 0.013131313131313131
0 0.36101295641931685 0.4712121212121212 0.015312131919905771 0.04141414141414142
0 0.2959363957597173 0.6782828282828283 0.01707891637220259 0.021212121212121213
0 0.7608951707891637 0.3212121212121212 0.01884570082449941 0.014141414141414142
0 0.6033568904593639 0.4803030303030303 0.01707891637220259 0.013131313131313131
0 0.9882214369846879 0.3601010101010101 0.020023557126030624 0.021212121212121213
0 0.23498233215547704 0.8242424242424242 0.0176678445229682 0.01818181818181818
0 0.5079505300353356 0.5641414141414142 0.01707891637220259 0.01919191919191919
0 0.14487632508833923 0.4808080808080808 0.015312131919905771 0.012121212121212121
0 0.23498233215547704 0.295959595959596 0.01884570082449941 0.01818181818181818
0 0.6048292108362779 0.6439393939393939 0.016489988221436984 0.015151515151515152
0 0.2246760895170789 0.6797979797979798 0.022968197879858657 0.022222222222222223
0 0.8244994110718492 0.6136363636363636 0.015312131919905771 0.011111111111111112
0 0.9511189634864546 0.6686868686868687 0.023557126030624265 0.014141414141414142
0 0.8869257950530035 0.5474747474747474 0.015312131919905771 0.014141414141414142
0 0.9802709069493521 0.5212121212121212 0.013545347467608953 0.010101010101010102
0 0.5706713780918727 0.557070707070707 0.016489988221436984 0.01717171717171717
0 0.8368669022379269 0.6803030303030303 0.015312131919905771 0.01717171717171717
0 0.19905771495877503 0.33636363636363636 0.016489988221436984 0.020202020202020204
0 0.5108951707891637 0.5207070707070707 0.015901060070671377 0.01919191919191919
0 0.08186101295641932 0.4585858585858586 0.0176678445229682 0.01616161616161616
0 0.9823321554770318 0.5636363636363636 0.016489988221436984 0.012121212121212121
0 0.14016489988221437 0.42828282828282827 0.0176678445229682 0.01616161616161616
0 0.32685512367491165 0.41414141414141414 0.014134275618374558 0.03838383838383838
0 0.3957597173144876 0.49595959595959593 0.020023557126030624 0.01818181818181818
0 0.19375736160188456 0.98989898989899 0.023557126030624265 0.01818181818181818
0 0.8145053003533569 0.4873131313131313 0.015901060070671377 0.012121212121212121
0 0.540341578327444 0.6702020202020202 0.026501766784452298 0.021212121212121213
0 0.18462897526501768 0.9005050505050505 0.022968197879858657 0.015151515151515152
0 0.5274381625441696 0.43464646464646467 0.01707891637220259 0.011111111111111112
0 0.07626619552414605 0.5712121212121212 0.02061248527679623 0.01919191919191919
0 0.9782096584216725 0.6545454545454545 0.014134275618374558 0.014141414141414142
0 0.7608951707891637 0.33131313131313134 0.0176678445229682 0.014141414141414142
0 0.8804475853945819 0.2085858585858586 0.014134275618374558 0.043434343434343436
0 0.6045347467608951 0.5474747474747474 0.014723203769140165 0.01818181818181818
0 0.2656065959952886 0.6727272727272727 0.01884570082449941 0.022222222222222223
0 0.7999764428739693 0.6918383838383838 0.01884570082449941 0.01717171717171717
0 0.7358657243816255 0.6373737373737374 0.015901060070671377 0.01616161616161616
0 0.7008244994110718 0.6005050505050505 0.011778563015312132 0.01919191919191919
0 0.6666666666666666 0.06161616161616162 0.0176678445229682 0.03838383838383838
0 0.7285041224970553 0.26464646464646463 0.016489988221436984 0.01616161616161616
0 0.9440518256772674 0.47878787878787876 0.016489988221436984 0.01616161616161616
0 0.8077974087161367 0.4604242424242424 0.04412249705535925 0.017515151515151515
0 0.547997644287397 0.5222222222222223 0.014723203769140165 0.014141414141414142
0 0.7937632508833922 0.3036565656565657 0.01707891637220259 0.022222222222222223
0 0.8401060070671378 0.545959595959596 0.010011778563015312 0.013131313131313131
0 0.7629564193168433 0.11818181818181818 0.02061248527679623 0.01616161616161616
0 0.7295759717314487 0.550040404040404 0.013928150765606596 0.021303030303030303
0 0.7270318021201413 0.255050505050505 0.018256772673733806 0.01717171717171717
0 0.5120730270906949 0.3601010101010101 0.01707891637220259 0.01717171717171717
0 0.8246230859835101 0.10191919191919192 0.0176678445229682 0.021212121212121213
0 0.824793875147232 0.5833333333333334 0.01707891637220259 0.013131313131313131
0 0.9546525323910483 0.3702020202020202 0.0176678445229682 0.01717171717171717
0 0.7689281507656066 0.5508282828282829 0.014134275618374558 0.012121212121212121
0 0.848939929328622 0.25252525252525254 0.015901060070671377 0.020202020202020204
0 0.8869257950530035 0.6974747474747475 0.016489988221436984 0.013131313131313131
0 0.5444640753828033 0.5843434343434344 0.022968197879858657 0.015151515151515152
0 0.8928150765606596 0.4919191919191919 0.016489988221436984 0.014141414141414142
0 0.6676914016489989 0.5835858585858585 0.011778563015312132 0.014141414141414142
0 0.5469257950530035 0.4783838383838384 0.01494110718492344 0.023434343434343433
0 0.23910482921083628 0.25303030303030305 0.02120141342756184 0.013131313131313131
0 0.07921083627797408 0.4732323232323232 0.012367491166077738 0.03333333333333333
0 0.5147232037691402 0.4671717171717172 0.012956419316843345 0.015151515151515152
0 0.10453474676089516 0.43787878787878787 0.01707891637220259 0.01717171717171717
0 0.8386336866902238 0.6378787878787879 0.014134275618374558 0.015151515151515152
0 0.5691990577149588 0.8292929292929293 0.014723203769140165 0.014141414141414142
0 0.8539458186101295 0.601010101010101 0.015312131919905771 0.01616161616161616
0 0.943168433451119 0.5212121212121212 0.014723203769140165 0.012121212121212121
0 0.7249705535924618 0.10454545454545454 0.023557126030624265 0.023232323232323233
0 0.19905771495877503 0.2904040404040404 0.016489988221436984 0.01717171717171717
0 0.23822143698468787 0.2691919191919192 0.01707891637220259 0.01717171717171717
0 0.7611896348645465 0.2782828282828283 0.015901060070671377 0.01717171717171717
0 0.9455241460541813 0.6545454545454545 0.01707891637220259 0.014141414141414142
0 0.7898998822143698 0.25922222222222224 0.01884570082449941 0.01919191919191919
0 0.7013780918727915 0.48584848484848486 0.014134275618374558 0.010101010101010102
0 0.29799764428739695 0.6131313131313131 0.0176678445229682 0.01818181818181818
0 0.7970965842167256 0.09846464646464646 0.018256772673733806 0.021212121212121213
0 0.4547408716136631 0.3691414141414141 0.015129564193168434 0.0292020202020202
0 0.36130742049469966 0.5308080808080808 0.01707891637220259 0.01717171717171717
0 0.19705535924617198 0.9346464646464646 0.015382803297997644 0.012131313131313132
0 0.2681213191990577 0.9103636363636364 0.014334511189634865 0.011373737373737373
0 0.2706831566548881 0.9198181818181819 0.017267373380447586 0.00909090909090909
0 0.39945818610129563 0.914979797979798 0.013050647820965842 0.01497979797979798
0 0.36012956419316844 0.9497373737373738 0.015871613663133097 0.012989898989898989
0 0.44422850412249704 0.9678585858585859 0.01381625441696113 0.014808080808080808
0 0.477037691401649 0.9621818181818181 0.013775029446407539 0.011888888888888888
0 0.47537691401649 0.9723535353535353 0.012720848056537103 0.009
0 0.26575382803298 0.6127979797979798 0.014517078916372201 0.013313131313131313
0 0.387773851590106 0.17082828282828283 0.01755594817432273 0.016101010101010102
0 0.4261248527679623 0.1102121212121212 0.018286219081272086 0.02515151515151515
0 0.1437514723203769 0.16966666666666666 0.012196702002355713 0.016131313131313132
0 0.14838633686690225 0.2565555555555556 0.014740871613663133 0.016888888888888887
0 0.11477031802120141 0.31275757575757573 0.015594817432273263 0.013222222222222222
0 0.061401648998822146 0.18013131313131314 0.013521790341578329 0.016868686868686866
0 0.0786042402826855 0.21285858585858586 0.01136042402826855 0.012383838383838384
0 0.10481743227326265 0.5686666666666667 0.015453474676089516 0.013181818181818182
0 0.13886925795053004 0.5655858585858585 0.014617196702002356 0.014252525252525253
0 0.45393404004711424 0.5997171717171718 0.015406360424028268 0.01625252525252525
0 0.5099587750294464 0.6364848484848485 0.015753828032979977 0.009838383838383839
0 0.5410424028268551 0.8287676767676768 0.0153886925795053 0.012787878787878787
0 0.5103533568904594 0.8874343434343434 0.01568904593639576 0.013191919191919192
0 0.5717903415783274 0.9258080808080807 0.015200235571260306 0.011363636363636364
0 0.9217255594817432 0.8356060606060606 0.015859835100117785 0.03344444444444444
0 0.9488457008244995 0.8383333333333334 0.01881625441696113 0.02501010101010101
0 0.7936336866902237 0.6004242424242424 0.01659010600706714 0.024545454545454547
0 0.7945700824499411 0.5621414141414142 0.01543580683156655 0.021323232323232324
0 0.8016843345111896 0.48125252525252527 0.014681978798586572 0.01925252525252525
0 0.7631389870435806 0.15343434343434345 0.010041224970553594 0.012585858585858587
0 0.7349293286219082 0.06060606060606061 0.013003533568904593 0.014464646464646465
0 0.7591990577149587 0.0984949494949495 0.016101295641931683 0.021555555555555557
0 0.9182803297997645 0.6502424242424243 0.015153121319199058 0.015141414141414141
0 0.9589693757361601 0.2044343434343434 0.012438162544169611 0.013676767676767676
0 0.760188457008245 0.8632727272727273 0.015276796230859835 0.031747474747474747
0 0.689658421672556 0.6971717171717172 0.015459363957597174 0.023404040404040406
0 0.5410541813898705 0.3748888888888889 0.01583627797408716 0.024717171717171717
0 0.14218492343934042 0.6424040404040404 0.013698468786808011 0.015636363636363636
0 0.4833922261484099 0.4681313131313131 0.013032979976442873 0.02688888888888889