0 0.4296005370929842 0.36072160721607216 0.029969788519637407 0.045155118217848844
0 0.1994629070157771 0.2674821192656371 0.03693856998992957 0.06011571226823381
0 0.774944612286002 0.43204865381987156 0.0344276602886874 0.08339483394833942
0 0.3087076200067137 0.3250330281080589 0.029795233299765033 0.06481709261537058
0 0.5448069822087949 0.6706938180492916 0.03179590466599533 0.0734818459295703
0 0.6406982208794898 0.10912942462757962 0.027432024169184346 0.06720422759783153
0 0.2278616985565626 0.3772538836499476 0.04245720040281973 0.0639697508086192
0 0.6714736488754615 0.30364448088925333 0.03370258475998633 0.050184501845018395
0 0.8350654582074521 0.31960730718418295 0.030668009399127175 0.07713543802104687
0 0.04070493454179255 0.417315839825065 0.03246727089627393 0.04891804473600283
0 0.3514333669016449 0.24876315429820964 0.03244041624706276 0.0476880324358799
0 0.795354145686472 0.0072844061773951075 0.029835515273581713 0.014568812354790215
0 0.5566163141993958 0.36488087103093253 0.0369117153407184 0.058885699968110806
0 0.8982141658274587 0.2759099813220354 0.029996643168848435 0.04638513051797184
0 0.7170862705605908 0.39937588264771534 0.029969788519637407 0.045155118217848844
0 0.6189862369922793 0.16325452143410324 0.032413561597851734 0.0464580201357569
0 0.3468680765357502 0.67912168010569 0.028425646189996528 0.05740057400574015
0 0.7117287680429674 0.47882101043232655 0.02813024504867411 0.043870438704387
0 0.8599194360523664 0.12157077126326818 0.035716683450822545 0.08712131565760103
0 0.5353877139979859 0.17560931164867202 0.03246727089627379 0.04891804473600297
0 0.2959919436052367 0.5479021456881236 0.03617321248741182 0.05271741606304952
0 0.6131722054380664 0.4572092387590543 0.025458207452165083 0.05976948658375475
0 0.3602148371936892 0.4273472734727347 0.04665995300436385 0.06286729533962003
0 0.6226116146357838 0.3567445674456745 0.02999664316884871 0.04638513051797184
0 0.8342262504196039 0.024527356384674962 0.030587445451493816 0.049054712769349924
0 0.7718831822759316 0.3786706755956448 0.03683115139308477 0.055195663067741804
0 0.8925411211816046 0.43895038950389503 0.034105404498153684 0.06863468634686341
0 0.8630278616985566 0.43553824427133164 0.033662302786169926 0.07599653774315514
0 0.24100033568311513 0.23181176256207006 0.03993286337697211 0.058976811990342146
0 0.8969587109768379 0.23661336613366135 0.033622020812352965 0.04649446494464946
0 0.2476334340382679 0.5641109744430778 0.03688486069150724 0.05765568766798781
0 0.4326753944276603 0.19222814450366726 0.03309835515273585 0.050166279440572184
0 0.8103054716347768 0.31973941961641833 0.025740181268882396 0.045027561386725014
0 0.5189660960053709 0.23633547446585576 0.03433366901644839 0.051432736549587674
0 0.642040953340047 0.4348275704979272 0.02845250083920783 0.05863058630586315
0 0.9398455857670358 0.06999225547811033 0.04361195031889904 0.06154617101726573
0 0.4152534407519302 0.699799553551091 0.03309835515273585 0.050166279440572115
0 0.1953407183618664 0.7605166051660516 0.03556898288016113 0.05269919365860324
0 0.4640751930177912 0.17837456152339304 0.023645518630412816 0.0597148193704159
0 0.5432762672037597 0.24297754088652 0.031916750587445364 0.05135984693180262
0 0.5479355488418932 0.2784838959500706 0.029835515273581713 0.03900505671723384
0 0.7937495803961061 0.2483303721926108 0.030708291372943855 0.05132340212291013
0 0.6800335683115141 0.34026240262402624 0.03052030882846583 0.04271331602204912
0 0.6662369922792883 0.21161222723338344 0.030842564618999823 0.05747346362352514
0 0.6306948640483383 0.6502801694683614 0.03378314870761996 0.0538745387453874
0 0.6437126552534408 0.5380301580793586 0.026666666666666592 0.05980593139264731
0 0.19736153071500503 0.5988155437109927 0.040040281973816705 0.06389686119083422
0 0.5549580396106075 0.31637738599608217 0.02999664316884871 0.04638513051797184
0 0.5877207116482042 0.4198715320486538 0.02565961732124876 0.04133752448635601
0 0.7048606915072172 0.5029975855314108 0.021483719368915806 0.043669992255478046
0 0.029916079221215173 0.5104459933488223 0.02823766364551863 0.048790487904879005
0 0.2654850621013763 0.258115803380256 0.03709969788519636 0.06749578606897182
0 0.6158442430345753 0.39013712359345815 0.02321584424303471 0.040034622568447885
0 0.8204431017119839 0.07666621110655551 0.023564954682779457 0.05602478247004692
0 0.2188788183954347 0.5397795089062002 0.031258811681772414 0.04888159992711041
0 0.6887210473313193 0.4678374561523393 0.028157099697885418 0.045100451004509996
0 0.4091440080563948 0.4264862648626486 0.033071500503524684 0.04893626714044911
0 0.09488418932527694 0.7567855678556785 0.0287344746559248 0.04388866110883342
0 0.6184088620342397 0.13438567719010525 0.03115139308492789 0.043961550726618406
0 0.33651560926485397 0.4618650630950754 0.02744545149378986 0.040162179399571715
0 0.4449076871433367 0.21275568311238668 0.024061765693185546 0.05112295567400118
0 0.18985565626049009 0.5000911120222313 0.03501846257133264 0.05514099585440296
0 0.8212084592145015 0.31818140403626255 0.022329640819066642 0.05475832536103133
0 0.8589392413561598 0.5260079267459341 0.028291372943940834 0.051250512505125
0 0.7487411883182277 0.2908660197713088 0.03485733467606578 0.04776092205366495
0 0.19584424303457534 0.41939774953305087 0.039959718026183276 0.06020682429046521
0 0.47192346424974824 0.413530135301353 0.03748909029875799 0.05767391007243409
0 0.954226250419604 0.21337524486355974 0.030050352467271044 0.048845155118217846
0 0.5883585095669688 0.26620199535328687 0.02850621013763016 0.06109061090610902
0 0.438462571332662 0.5632727438385494 0.02732460557233968 0.062284178397339594
0 0.3334206109432696 0.3132249100268781 0.02553877139979858 0.06345952348412374
0 0.6266196710305473 0.04870848708487085 0.03018462571332646 0.05499521661883285
0 0.3732661967103054 0.7145870347592365 0.02571332661967109 0.043797549086602015
0 0.7112520980194696 0.6527675276752768 0.02563276267203773 0.04010751218623273
0 0.33733467606579387 0.5073208509862877 0.02991607922121521 0.04269509361760284
0 0.9209331990600872 0.5352011297890756 0.02873447465592487 0.04388866110883342
0 0.1354347096341054 0.7801466903557925 0.02939241356159785 0.046366908113525424
0 0.9286471970459885 0.3616509498428318 0.02931184961396432 0.04267687121315656
0 0.5788251090970123 0.2880005466721334 0.0211748909029876 0.057181905152384915
0 0.34984894259818733 0.8468179126235708 0.03178247734138967 0.045209785431187546
0 0.7040751930177912 0.02731993986606533 0.028049681101040752 0.04018040180401804
0 0.745961732124874 0.1969158580474694 0.03660288687479006 0.07239761286501754
0 0.06140986908358509 0.7412008564530089 0.031205102383350117 0.04642157532686454
0 0.22585431352802954 0.7872534280898363 0.02902987579724742 0.057418796410186435
0 0.4910708291372944 0.2832718327183272 0.02208794897616656 0.043688214659924327
0 0.10420275260154414 0.3023142453646759 0.04061765693185633 0.06268507129515737
0 0.3871634776770728 0.4929114846704022 0.035125881168177164 0.060061045054894964
0 0.8574890902987581 0.1775727757277573 0.0301040617656931 0.05130517971846385
0 0.060469956361195024 0.3417384173841738 0.035622692178583416 0.055159218258849244
0 0.6819536757301107 0.390601794906838 0.02104061765693177 0.05103184365176977
0 0.4348573346760658 0.4380028244726891 0.034387378314870716 0.05389276114983368
0 0.41938234306814365 0.49685663523301904 0.031258811681772414 0.04888159992711041
0 0.5993017791205102 0.37342717871623154 0.026424974823766375 0.048735820691540296
0 0.6997583081570996 0.07293061819507085 0.025981873111782478 0.05609767208783199
0 0.4869419268210809 0.5968429684296843 0.025028533064786838 0.040089289781786726
0 0.8105807317891909 0.04438977723110565 0.022275931520644585 0.052298300760785385
0 0.8318563276267203 0.5219078857455242 0.025552198724404094 0.036417475285864004
0 0.8850218194024841 0.022550225502255026 0.032977509231285534 0.04510045100451005
0 0.4569654246391407 0.4901917908067969 0.027606579389056717 0.04754225320030986
0 0.3197650218194025 0.8833720559427816 0.03793219201074189 0.050312058676142364
0 0.1787042631755623 0.36091294246275796 0.034494796911715385 0.058812810350325685
0 0.7928499496475326 0.025146918135848025 0.030010070493454364 0.05029383627169605
0 0.6662302786169857 0.4470046922691449 0.020060422960724966 0.03379344904560147
0 0.3094528365223229 0.719584529178625 0.029365558912386652 0.04513689581340242
0 0.7564081906680094 0.24392510591772584 0.03246727089627406 0.0489180447360029
0 0.47344746559248074 0.1639560840052845 0.029875797247398396 0.06850712951573959
0 0.6329439409197718 0.2568675686756867 0.031205102383349947 0.0464215753268644
0 0.8926686807653575 0.19802286911758005 0.030762000671366464 0.053783426723156134
0 0.7159248069822087 0.24514600701562572 0.02345753608593479 0.05110473326955489
0 0.36630412890231623 0.3835269463805749 0.04361195031889904 0.06154617101726562
0 0.3474790198053038 0.33308277527219715 0.02790198053037927 0.06107238850166273
0 0.5654917757636791 0.5115028928067058 0.027136623027861656 0.053674092296478584
0 0.22256461899966432 0.16353241310190883 0.03223900637797922 0.0661199945332787
0 0.12543135280295403 0.768156348230149 0.022302786169855683 0.05352831306090861
0 0.8663108425646191 0.6308824199353105 0.035810674723061285 0.06376930435971025
0 0.14730446458543137 0.7066511776228873 0.024478012755958345 0.04253109197758645
0 0.40028197381671704 0.7217621065099541 0.022719033232628343 0.044936449364493605
0 0.9224303457536086 0.6740558516696277 0.029996643168848435 0.04638513051797198
0 0.014293387042631757 0.41012254566990114 0.024612286002014098 0.048681153478201455
0 0.3021215172876805 0.6128650175390643 0.029419268210808983 0.047596920413648706
0 0.5319973145350788 0.5936403808482529 0.02500167841557567 0.03885927748166373
0 0.5005035246727089 0.41819962644070885 0.023135280295401073 0.03634458566807888
0 0.11321248741188318 0.49810031433647667 0.03943605236656595 0.06387863878638794
0 0.13230614300100704 0.5362443624436245 0.03128566633098355 0.05011161222723327
0 0.1132594830480027 0.7310327547719921 0.023685800604229635 0.03390278347227916
0 0.740631084256462 0.027133160220491094 0.025981873111782478 0.05426632044098219
0 0.12941926821080899 0.3919001412236345 0.03246727089627393 0.04891804473600283
0 0.7440080563947633 0.6597694865837547 0.04114132259147369 0.0590132567992345
0 0.2637462235649547 0.3239305726390597 0.029996643168848574 0.04638513051797184
0 0.5862705605908023 0.043779326682155714 0.031473648875461606 0.05872169832809438
0 0.8256327626720376 0.5442212199899777 0.021013763007720742 0.04980183135164677
0 0.48477341389728096 0.2674821192656371 0.026398120174555208 0.04750580839141723
0 0.32152400134273246 0.8581203589813676 0.03793219201074189 0.050312058676142364
0 0.2724068479355488 0.7293061819507083 0.032990936555891255 0.04524623024008011
0 0.7592010741859684 0.08834677235661247 0.028627056059080204 0.038968611908341305
0 0.7126955354145685 0.7940822741560748 0.035810674723061285 0.06376930435971025
0 0.5769385699899294 0.41589449227825614 0.022275931520644585 0.052298300760785336
0 0.6884256461899967 0.28776821101544353 0.02038267875125896 0.048553596647077625
0 0.7015844243034576 0.4318026513598469 0.02376636455186286 0.03759282037264816
0 0.9584290030211481 0.38042002642248646 0.029338704263175624 0.04390688351327956
0 0.5063846928499496 0.3424263131520204 0.04248405505203089 0.0651997631087422
0 0.708351795904666 0.2601248234704569 0.023376972138301432 0.04741469636918589
0 0.7460557233971131 0.4968384128285727 0.03178247734138967 0.045209785431187685
0 0.36022155085599195 0.10898364539200947 0.04245720040281973 0.0639697508086192
0 0.7419738167170191 0.3242585759190926 0.02255790533736162 0.0375563755637556
0 0.9069956361195032 0.399179991799918 0.029419268210808983 0.047596920413648706
0 0.15002349781805976 0.5959409594095941 0.029419268210808983 0.04759692041364856
0 0.22064451158106746 0.6386770534372012 0.03304464585431351 0.04770625484032611
0 0.5919100369251427 0.3939319393193932 0.024303457536085905 0.062193066375108186
0 0.24428331654917756 0.7866976447542253 0.03389056730446456 0.058794587945879405
0 0.3112789526686807 0.4423443123320122 0.028237663645518638 0.048790487904879144
0 0.4555152735817388 0.7502118354516878 0.02999664316884871 0.04638513051797198
0 0.15918764686136286 0.8814541478748121 0.0254984894259819 0.033957450685618
0 0.21808660624370593 0.9632636326363263 0.025471634776770734 0.032727438385495
0 0.11329305135951662 0.9645802013575692 0.024263175562269226 0.03269099357660244
0 0.09842900302114804 0.870994487722655 0.025579053373615296 0.03764748758598701
0 0.1709768378650554 0.701020454648991 0.026210137630077183 0.03889572229055629
0 0.30593487747566295 0.6594597057081681 0.025525344075193065 0.035187462985741005
0 0.3877677072843235 0.6035214796592411 0.025109097012420336 0.04377932668215573
0 0.41404498153742864 0.5892077809666985 0.02686807653575027 0.04137396929524857
0 0.34456529036589456 0.5495102728805066 0.02494796911715334 0.036399252881417724
0 0.24423632091305808 0.47079404127374613 0.03249412554548509 0.050148057036125834
0 0.3201812688821752 0.3941369413694137 0.026210137630077183 0.03889572229055629
0 0.3124471299093656 0.3611817229283404 0.025471634776770734 0.032727438385495
0 0.14399462907015778 0.31893763382078266 0.030466599530043634 0.04025329142180312
0 0.22283316549177576 0.31717461619060633 0.02807653575025178 0.041410414104140994
0 0.8059348774756628 0.4507812855906337 0.026236992279288485 0.040125734590679286
0 0.8346626384692851 0.42102865473099177 0.026868076535749994 0.04137396929524857
0 0.7834575360859349 0.1527629720741652 0.026263846928499514 0.04135574689080226
0 0.7136555891238671 0.12782561158944922 0.027499160792212055 0.04262220399981778
0 0.668009399127224 0.0024326909935766024 0.028331654917757514 0.004865381987153205
0 0.5239476334340383 0.0358252471413603 0.021268882175226614 0.03382989385449411
0 0.5450621013763007 0.05055350553505535 0.02008727760993627 0.03502346134572456
0 0.9527895266868077 0.4727802833583892 0.025686471970459788 0.04256753678647901
0 0.9621617992614971 0.6243041319302082 0.028627056059080204 0.03896861190834127
0 0.4484122188653911 0.30115256708122634 0.025632762672037592 0.040107512186233006
0 0.38341725411211813 0.24964238531274202 0.03982544478012752 0.05405676278985014
0 0.44098019469620675 0.6553869983144276 0.02623699227928835 0.040125734590679286
0 0.3022222222222222 0.26253929205958726 0.01566968781470289 0.026285818413739635
0 0.3243504531722054 0.24466311329779963 0.025847599865726784 0.04994761058721702