0 0.7597140501975498 0.37869815923708133 0.02592308348256165 0.022909736083388744
0 0.8642733293539128 0.8503067938197679 0.0314374236093343 0.028313742884601235
0 0.9304311986583667 0.3096991202779626 0.029874079758960934 0.027197456937975872
0 0.573335038799352 0.9867191542840246 0.026662118757283866 0.021970873068677472
0 0.5491742702026663 0.42072891254527983 0.028282311474943773 0.025083166999334657
0 0.35172394190045764 0.7206882531233828 0.027486427332935364 0.024026022030013878
0 0.5240328586452915 0.9889240038441636 0.028253887041300677 0.022151992311672822
0 0.28003752025240897 0.9461927995860132 0.026718967624570055 0.02396688105270941
0 0.6802393337312754 0.9491498484512456 0.02592308348256165 0.022909736083388744
0 0.25552144623518375 0.7979189768610926 0.025127199340553154 0.02185259111406808
0 0.8429407919047212 0.3164005322687957 0.029874079758960934 0.027197456937975872
0 0.28134504419999434 0.9114400827973682 0.03240385435320197 0.03535891180601771
0 0.9098803331343621 0.6098469727212241 0.029078195616952178 0.026140311968655208
0 0.6480912992808618 0.45225105344865824 0.028197038174014488 0.022089155023286754
0 0.6281089224297205 0.65136763510017 0.027486427332935364 0.024026022030013878
0 0.7538444046502373 0.4145930361499224 0.026718967624570055 0.02396688105270941
0 0.3635342940791905 0.5438456420492349 0.028339160342230135 0.02707917498336648
0 0.6610670532389643 0.3028831226436017 0.02669054319092696 0.02296887706069344
0 0.5933600523009579 0.5067864271457085 0.029049771183309255 0.025142307976639352
0 0.8385492169068531 0.8747135358911807 0.02833916034223031 0.02707917498336648
0 0.764645689434638 0.887938936940933 0.02910662005059562 0.027138315960671178
0 0.6350729086722947 0.559791528055001 0.02819703817401431 0.02208915502328664
0 0.38078792530058836 0.38335551119982264 0.02592308348256165 0.022909736083388744
0 0.714419715187175 0.9980483477489466 0.025866234615275284 0.003903304502106827
0 0.15724396691395923 0.761964958970947 0.02981723089167448 0.025201448953943936
0 0.6039055171825701 0.4199674724624824 0.029845655325317664 0.026199452945959906
0 0.46020579289957647 0.7519516522510534 0.027514851766578634 0.025024026022029845
0 0.20462749779710637 0.7989761218304133 0.02592308348256165 0.02290973608338897
0 0.4291520991444246 0.5085717453980927 0.028253887041300677 0.024085163007318687
0 0.6743412637503199 0.9840467213720707 0.024359739632187932 0.021793450136763606
0 0.39660612262300676 0.6295446144747542 0.02592308348256165 0.022909736083388744
0 0.805335266194821 0.3538330745915576 0.027486427332935364 0.024026022030014103
0 0.8514112731303829 0.4659274044503585 0.02833916034223031 0.027079174983366594
0 0.3724027173758563 0.7880054705404006 0.027486427332935364 0.024026022030013878
0 0.799323498479293 0.5863901825977674 0.027543276200221557 0.02602203001404604
0 0.8840567351695519 0.6710911510312708 0.02981723089167474 0.025201448953943936
0 0.2207583638895995 0.693169217121313 0.027486427332935364 0.024026022030014103
0 0.5265910576731758 0.9452761144377911 0.024331315198544663 0.02079544614474764
0 0.736604985645661 0.9654431876986768 0.025866234615275284 0.020913728099356807
0 0.6529376652170206 0.35354106601611596 0.026605269889997327 0.019974865084645535
0 0.8164918563997613 0.3960190729651808 0.029902504192604026 0.028195460929991843
0 0.46620334839828315 0.9894174613735492 0.025866234615275284 0.020913728099356807
0 0.7943350103749183 0.4381274488060915 0.028197038174014488 0.022089155023286754
0 0.7070719990904181 0.4393694093294892 0.025894659048918554 0.021911732091372774
0 0.41017878968761545 0.8237783691875508 0.028253887041300677 0.024085163007318576
0 0.7246240868650693 0.921202040363717 0.024359739632187932 0.021793450136763606
0 0.2138512265143117 0.7329673985362609 0.029106620050595448 0.027138315960671178
0 0.7144055029703533 0.5086456716197235 0.030584690600039703 0.025260589931248634
0 0.5845484778715785 0.8830228432024839 0.028197038174014488 0.022089155023286865
0 0.7797390636991558 0.6381570192947439 0.02745800289929227 0.02302801803799791
0 0.7650294192888207 0.8610815406224588 0.027401154032005905 0.0210320100539662
0 0.45820187032773374 0.4127227027426628 0.01574713623831042 0.015154875434316586
0 0.7315596486740001 0.8824018629407852 0.023563855490179527 0.02073630516744294
0 0.6524260254114437 0.41623789458120797 0.028992922316022893 0.02314629999260742
0 0.9351780790767743 0.5973571375766985 0.026690543190926612 0.02296887706069344
0 0.8310309542082375 0.6241849634065203 0.029078195616952178 0.026140311968655208
0 0.3416901168244223 0.3818363273453094 0.026747392058213238 0.024964885044725375
0 0.7149882038600381 0.994584904265543 0.025866234615275284 0.010830191468913905
0 0.4690600039794207 0.8477341613070156 0.02669054319092696 0.02296887706069344
0 0.5579289957647594 0.956653359946773 0.022739546914527675 0.01868115620610631
0 0.8121144936187147 0.3229873586161011 0.030527841732753514 0.023264581947216697
0 0.3637901139819789 0.8216973460486435 0.018873823939058027 0.01738744732756708
0 0.9502998777749353 0.28135580690470907 0.03069838833461243 0.029252605899312507
0 0.3895852875131463 0.5040289790788793 0.025127199340553154 0.02185259111406808
0 0.9448281742986273 0.6941967916019811 0.02910662005059562 0.027138315960671178
0 0.9704954378784003 0.6140201079322836 0.02745800289929192 0.02302801803799791
0 0.5333276484466046 0.9129333924743107 0.02822546260765758 0.023087159015302606
0 0.26036781217134247 0.954635174096252 0.02657684545635423 0.01897686109262957
0 0.5465734345243172 0.28908109706512897 0.025070350473266705 0.019856583130036142
0 0.55046758193343 0.5736859614105123 0.026662118757283866 0.021970873068677472
0 0.20965862255194567 0.7739705773637909 0.026718967624570055 0.02396688105270941
0 0.43841846451209465 0.30962519405633177 0.023535431056536084 0.019738301175426975
0 0.7463545663852648 0.4473756191321062 0.027429578465649 0.02203001404598217
0 0.5491174213353799 0.7817069564574554 0.02589465904891838 0.021911732091373003
0 0.33479719166595606 0.7447771124417831 0.02507035047326688 0.019856583130036142
0 0.4558142179017083 0.9472906039772307 0.025070350473266705 0.019856583130036368
0 0.4021204627497797 0.7828269387151623 0.024331315198544663 0.02079544614474764
0 0.45452090617094454 0.9556553559547571 0.025866234615275284 0.020913728099357033
0 0.19268923566697935 0.89066681451911 0.025155623774196337 0.02285059510608427
0 0.5626900883999887 0.8415058771346197 0.029021346749665985 0.02414430398462327
0 0.48105511497683406 0.5832741923560286 0.023620704357465716 0.02273231315147488
0 0.43618714647110657 0.5942559325792858 0.02822546260765758 0.023087159015302606
0 0.5224268781444529 0.597416278554003 0.02509877490691015 0.020854587122052338
0 0.16548705267047553 0.8094034153914393 0.029589835422529197 0.04410438382494263
0 0.9533270799579319 0.8312781843719967 0.036155879594099244 0.03266060471649283
0 0.6457036468548364 0.4894100687513861 0.02814018930672812 0.020093147039254817
0 0.3459111452204315 0.5300399201596806 0.020494016656718107 0.020499741258224156
0 0.7959125664421137 0.6682819546092998 0.025951507916204743 0.02390774007540471
0 0.4652227054375942 0.9012123900347453 0.022682698047241486 0.016685148222074373
0 0.2229328330633012 0.6350816884749021 0.026747392058213238 0.024964885044725375
0 0.35409738210966146 0.6426997856139572 0.02592308348256165 0.022909736083388744
0 0.4038827776356556 0.5892770015524507 0.026747392058213325 0.024964885044725375
0 0.5465165856570308 0.34085902269535 0.024274466331258297 0.018799438160715703
0 0.46552116199084737 0.911691431950913 0.025070350473266705 0.019856583130036368
0 0.6699923254029163 0.912013011015007 0.023507006622892988 0.018740297183411005
0 0.7694209942866889 0.8270643897390404 0.029817230891674394 0.025201448953943936
0 0.7367613200306984 0.9574887262512013 0.022824820215457137 0.021675168182154213
0 0.16936698786276683 0.5692134250018481 0.02902134674966603 0.02414430398462327
0 0.6399903356925614 0.3829156501811192 0.02276797134817077 0.019679160198122277
0 0.34431937693641457 0.8640127153101204 0.024359739632187846 0.021793450136763606
0 0.44319376936414545 0.6520551489613365 0.025098774906909975 0.02085458712205211
0 0.6040050027003212 0.6923301545058033 0.025070350473266705 0.019856583130036368
0 0.12378840851596033 0.7434538330745916 0.03456411131008217 0.030546314777851507
0 0.33997043858901116 0.3080136024247801 0.023507006622892988 0.018740297183411005
0 0.3656945510360706 0.8347896798994603 0.025070350473266792 0.019856583130036368
0 0.6757766976492994 0.7386892880904857 0.02356385549017935 0.02073630516744294
0 0.48811858673715924 0.5489650328971686 0.029078195616952178 0.026140311968655208
0 0.8301640089821212 0.5937458416500333 0.02433131519854449 0.02079544614474764
0 0.39855319632756314 0.7113513713314112 0.027486427332935364 0.024026022030014103
0 0.7971490293055911 0.9974846603090117 0.026747392058213148 0.00503067938197665
0 0.6011483471191836 0.7802395209580838 0.026633694323640596 0.020972869076661505
0 0.8104090276001251 0.8949508390626154 0.02512719934055324 0.021852591114068304
0 0.8143742360933458 0.8594071117025208 0.025155623774196337 0.022850595106084046
0 0.14894403229015662 0.21512160863458268 0.05164719592962111 0.038833444222665825
0 0.897345157897729 0.8284578990167811 0.025098774906909798 0.020854587122052338
0 0.6327847417640203 0.2509129888371405 0.02592308348256165 0.022909736083388744
0 0.4453113896705607 0.3365454276631921 0.021147778630510865 0.01656686626746509
0 0.7655552713112191 0.8526576476676276 0.024331315198544663 0.02079544614474764
0 0.7334356612944488 0.8944961927995859 0.027429578465649175 0.02203001404598194
0 0.4357039310991728 0.886489982996969 0.026605269889997327 0.019974865084645535
0 0.6609817799380348 0.3267760774746803 0.025894659048918554 0.021911732091372774
0 0.9844944714476564 0.5409107710504916 0.026747392058213148 0.024964885044725375
0 0.29014240641255223 0.6960264655873439 0.02202893607344873 0.02061802321283355
0 0.5940138142747505 0.6641753529977082 0.02666211875728369 0.021970873068677246
0 0.3534294079190472 0.5923597249944555 0.020494016656718107 0.020499741258224156
0 0.4362724197720361 0.5703629777482072 0.023620704357465716 0.02273231315147488
0 0.8110770017907394 0.3134471797146448 0.025837810181632365 0.019915724107340837
0 0.5731076433302066 0.9249611887336439 0.028168613740371218 0.02109115103127067
0 0.8416048435234927 0.645911879943816 0.021204627497797054 0.018562874251496914
0 0.7894033711378301 0.46662600724476977 0.023563855490179177 0.02073630516744294
0 0.23904948693897277 0.8110889332446218 0.022853244649100407 0.02267317217417018
0 0.628634774452119 0.998068677459895 0.02123305193144015 0.0038626450802100175
0 0.7521815752821125 0.3293228358098618 0.027429578465649175 0.02203001404598217
0 0.4773883630368665 0.40075774377171586 0.018049515363406352 0.01533229836623045
0 0.8488814985361417 0.25611369852886817 0.026662118757283866 0.021970873068677472
0 0.6116369631335096 0.3418939897981814 0.027486427332935364 0.024026022030014103
0 0.7502771382280208 0.2086826347305389 0.02592308348256165 0.0229097360833888
0 0.23524061283078937 0.6773563983144821 0.022824820215457224 0.021675168182154213
0 0.44209942866888374 0.3716492940045834 0.02600835678349111 0.025903748059436647
0 0.7134959210937722 0.4767095438752125 0.027429578465649175 0.02203001404598217
0 0.5229243057332084 0.9375249500998004 0.019612859213780243 0.016448584312855813
0 0.5127625707057787 0.32531233828639017 0.022682698047241486 0.016685148222074373
0 0.5416986441545153 0.5346713979448511 0.025866234615275284 0.020913728099356807
0 0.7494954663028339 0.3425593257928587 0.025098774906909975 0.02085458712205211
0 0.7593871692106535 0.36722111332889773 0.021915238338876174 0.016626007244769675
0 0.3439924959495182 0.5567790345235455 0.022824820215457224 0.021675168182154213
0 0.818396293453853 0.8258593923264581 0.0267473920582135 0.024964885044725375
0 0.6465421676473097 0.5188511865158572 0.029731957590744932 0.022207436977896032
0 0.12701458173445895 0.7088489687292082 0.036980188169750745 0.03471575367782947
0 0.4780847616611239 0.6134176092259924 0.022739546914527675 0.01868115620610631
0 0.8460248429550041 0.6128927330524137 0.023620704357465716 0.02273231315147488
0 0.845015775560672 0.28170695645745547 0.02663369432364042 0.020972869076661505
0 0.6387396606122624 0.8364123604642567 0.022682698047241486 0.016685148222074373
0 0.7101418379238793 0.37238855622089156 0.023535431056536084 0.019738301175426975
0 0.5439441744123248 0.4656353958749168 0.030073050794462947 0.03418348488208765
0 0.8110201529234529 0.4996599393804983 0.02433131519854449 0.020795446144747525
0 0.5934169011682442 0.48189546832261404 0.02509877490691015 0.020854587122052223
0 0.5462607657542424 0.31843350336364307 0.018220061965265447 0.021320322318326257
0 0.4330462465535374 0.4570895246543949 0.026633694323640596 0.020972869076661505
0 0.39492908103806035 0.28834922747098396 0.02342173332196353 0.0157462852073631
0 0.6431028111764874 0.5325275375175575 0.026605269889997327 0.019974865084645535
0 0.9637872715386145 0.5532564500628372 0.025297745942412162 0.02784061506616411
0 0.709886018021091 0.40373697050343754 0.02123305193144015 0.019560878243512998
0 0.805065234075211 0.3443520366674059 0.025070350473266705 0.019856583130036142
0 0.6791449930360137 0.9376136615657573 0.024246041897615204 0.017801434168699736
0 0.44362013586879284 0.27716419013824206 0.024246041897615204 0.01780143416869962
0 0.43067280634433364 0.898052044060028 0.021915238338876174 0.016626007244769675
0 0.5347488701287627 0.3847638057218895 0.022711122480884582 0.01768315221409034
0 0.3668883772490833 0.9439232645819472 0.022824820215457137 0.021675168182154213
0 0.4673403257440096 0.8545723368078657 0.0266052698899975 0.019974865084645535
0 0.18748756431028113 0.6408146669623715 0.029845655325317664 0.026199452945959906
0 0.31222819135328733 0.6648665631699564 0.02666211875728369 0.021970873068677472
0 0.6995253119581593 0.24161676646706587 0.028197038174014488 0.022089155023286754
0 0.45405190301583237 0.791309972647298 0.02504192603962361 0.0188585791380204
0 0.403427986697365 0.7615177053300807 0.02126147636508342 0.02055888223552885
0 0.5564793496489583 0.9460856065646485 0.020380318922145552 0.016507725290160508
0 0.25709900230237914 0.8936386486286685 0.022739546914527675 0.01868115620610631
0 0.7698047241408715 0.8136504768241296 0.02356385549017935 0.02073630516744294
0 0.3973877945481936 0.6166592740445036 0.025809385747988918 0.01891772011532487
0 0.3884767346010631 0.3441154727581873 0.0226826980472414 0.016685148222074373
0 0.401466700775987 0.8808641975308642 0.01884539950541493 0.016389443335551115
0 0.6064637162104545 0.3753529977082871 0.02512719934055324 0.02185259111406808
0 0.454336147352264 0.7744030457603313 0.023592279923822446 0.02173430915945891
0 0.5378613456126886 0.7494714275153397 0.018930672806344216 0.019383455311599018
0 0.6699496887524516 0.9976546906187624 0.021972087206162366 0.004690618762475095
0 0.49859299053466366 0.7822946699194204 0.025894659048918554 0.021911732091372774
0 0.45241749808135073 0.8011421601241961 0.02507035047326688 0.019856583130036368
0 0.6717688525056138 0.46353589118060173 0.025809385747988918 0.01891772011532487
0 0.3293254881896478 0.7946440452428477 0.025184048207839434 0.02384859909810024
0 0.38453995054148543 0.3537702373031714 0.021972087206162366 0.018622015228801612
0 0.3522924305733208 0.8481962001922081 0.02589465904891838 0.021911732091372774
0 0.8316136550979222 0.5774266282250313 0.02282482021545731 0.021675168182154213
0 0.7854239504277877 0.28657499815184445 0.02816861374037139 0.021091151031270784
0 0.710525567778062 0.4261920603237968 0.02657684545635423 0.01897686109262957
0 0.582331372047412 0.2136652620684557 0.024445012933117218 0.0247874621128114
0 0.2642761717972769 0.6885562208915503 0.02356385549017935 0.02073630516744294
0 0.3117449759813536 0.8092222961484439 0.018902248372701123 0.01838545131958305
0 0.48128251044597936 0.44337990685296075 0.023109064551888783 0.03165520810231389
0 0.9674113868281173 0.5998410586234937 0.019783405815638814 0.02243660826495162
0 0.7876979051192405 0.4874066681451911 0.023535431056536084 0.019738301175426975
0 0.22276228646144225 0.615650181119243 0.022057360507091825 0.021616027204849515
0 0.4013956396918791 0.8918126709543874 0.023507006622892988 0.018740297183411005
0 0.9426821295585686 0.7129518740297183 0.027429578465649175 0.02203001404598194
0 0.3921150621073875 0.2970946994899091 0.021915238338876087 0.016626007244769675
0 0.36489866689406214 0.8875064685443927 0.020380318922145466 0.016507725290160508
0 0.8326511469258975 0.6138537739336142 0.030584690600040054 0.025260589931248634
0 0.6884113584036838 0.5370148591705478 0.01739575338961377 0.01926517335698985
0 0.34085159603194903 0.29862127596658533 0.0226826980472414 0.016685148222074373
0 0.1878428697308206 0.9087159015302727 0.022824820215457224 0.021675168182154213
0 0.8806173786987294 0.3217934501367635 0.025951507916204743 0.02390774007540471
0 0.2579233108780308 0.882250314186442 0.02194366277251927 0.017624011236785645
0 0.7100707768397714 0.4102239964515414 0.021972087206162366 0.018622015228801612
0 0.6329837127995225 0.9936368004731279 0.027372729598362636 0.012726399053744336
0 0.3427702453028624 0.5810822798846751 0.01583240953923988 0.01814888741036449
0 0.8452858076802819 0.29118799438160714 0.027429578465649175 0.022030014045982056
0 0.05548449447144766 0.7919642197087307 0.055626616639663444 0.044119169069268806
0 0.6715983059037549 0.901182819546093 0.02507035047326688 0.019856583130036142
0 0.28607771240158036 0.8893989798181414 0.02762854950115119 0.029016041990093718
0 0.36960291066200507 0.4746063428698159 0.019669708081066432 0.01844459229688775
0 0.23512691509621672 0.8212426997856139 0.01927176601006223 0.03135950321579064
0 0.6350018475881868 0.3690877504250758 0.016486171513032635 0.014216012419605314
0 0.4025041926039624 0.8635174096251941 0.018163213097978907 0.019324314334294324
0 0.5252977459424122 0.9267538996081911 0.023620704357465716 0.02273231315147488
0 0.7039879480401353 0.2907555259850669 0.025809385747988918 0.01891772011532487
0 0.6291322020408744 0.9427219634804466 0.023507006622892988 0.018740297183411005
0 0.5359711207754186 0.37390404376432324 0.022711122480884582 0.01768315221409034
0 0.892001364372815 0.7214940489391587 0.02512719934055324 0.021852591114068304
0 0.8582615616383843 0.7871072669475864 0.024359739632187932 0.021793450136763606
0 0.7185981069327193 0.6961817106527686 0.025297745942412162 0.02784061506616411
0 0.9400812938802194 0.554417091742441 0.027600125067508096 0.028018037998077977
0 0.8684375088826354 0.4318880757004509 0.018987521673630756 0.021379463295630955
0 0.8849378926124896 0.28528128927330526 0.023705977658395 0.025726325127522782
0 0.7308774622665642 0.25349301397205587 0.02751485176657846 0.02502402602202996
0 0.7881100594070664 0.27333850816884747 0.02973195759074511 0.022207436977896032
0 0.7096301981183025 0.3544244843646041 0.01813478866433581 0.018326310342278353
0 0.5067508029902504 0.2621128114142086 0.024473437366760487 0.025785466104827365
0 0.48234842670759787 0.3194832557108006 0.02666211875728369 0.021970873068677472
0 0.2442937949461357 0.24238559917202632 0.024331315198544663 0.020795446144747525
0 0.8505301156874451 0.5828675981370592 0.01748102669054288 0.022259185333037758
0 0.8530883147153293 0.5516966067864271 0.021318325232369782 0.022554890219560787
0 0.7896165543901539 0.47411103718488945 0.022682698047241486 0.016685148222074373
0 0.7120604871947926 0.46664079248909585 0.018077939797049622 0.016330302358246417
0 0.5932179301327422 0.46146595697493903 0.01884539950541493 0.016389443335551115
0 0.21224524601347317 0.47492792193391 0.02438816406583103 0.022791454128779462
0 0.6320741309229414 0.92502402602203 0.018873823939058027 0.01738744732756708
0 0.630866092493107 0.976713240186294 0.02293851795002969 0.025667184150218087
0 0.5812228191353287 0.2016300731869594 0.02200051163980546 0.019620019220817637
0 0.6150905318211535 0.22116877356398312 0.021318325232369782 0.022554890219560902
0 0.50899633324806 0.24685074295852738 0.02200051163980546 0.019620019220817582
0 0.5512208294249737 0.2774894655134176 0.028083340439441756 0.01809713905522288
0 0.06415394673261135 0.7737118355880831 0.04144282425172678 0.030080579581577584
0 0.15714448139620815 0.6240371109632586 0.02848128251044596 0.032069194943446316
0 0.1978056337227481 0.5728986471501442 0.030158324095392406 0.03717749685813555
0 0.2368181688979847 0.6655282028535522 0.02120462749779714 0.018562874251496914
0 0.26849720019328616 0.6754380128631625 0.024359739632187846 0.021793450136763606
0 0.2913220204087434 0.6836696976417534 0.02117620306415396 0.017564870259480947
0 0.2724055598192206 0.8395505285724846 0.0228816690827435 0.02367117616618615
0 0.7044427389784259 0.8444629259998522 0.023535431056536084 0.019738301175426975
0 0.7087632528921861 0.8348377319435204 0.02970353315710184 0.021209432985880065
0 0.7042437679429236 0.2997375619132106 0.023535431056536084 0.019738301175426975
0 0.24329893976862507 0.4628816441191691 0.021233051931440323 0.019560878243512998
0 0.25833546516585654 0.3320950691210172 0.014240641255223067 0.016034597471723158
0 0.2440095506097041 0.23240555925186665 0.02345015775560671 0.01674428919937907
0 0.2437395184900941 0.22292452132771495 0.022767971348170945 0.019679160198122277
0 0.2787584207384668 0.18877799955644267 0.019698132514709615 0.019442596288903716
0 0.33546516585657027 0.24393435351519183 0.023535431056536257 0.01973830117542692
0 0.3773912054802308 0.3716419013824203 0.014269065688866163 0.01703260146373913
0 0.3378528182825957 0.3680971390552229 0.015803985105596784 0.01715088341834852
0 0.2132827378414485 0.4575811340282398 0.017310480088684223 0.016271161380941833
0 0.208564281856684 0.7624343904783025 0.020380318922145552 0.016507725290160282
0 0.21339643557602114 0.7438863014711318 0.02504192603962361 0.018858579138020172
0 0.31443108496063216 0.7825423227618836 0.011938262130127048 0.015857174539809296
0 0.318765811091214 0.7599726472979966 0.011170802421761737 0.015798033562504598
0 0.37116625451237883 0.7983662305019591 0.025098774906909975 0.020854587122052338
0 0.6457889201557659 0.8284911658165152 0.03280179642420635 0.022444000887114596
0 0.6299280861828828 0.7824573076070083 0.022711122480884582 0.01768315221409034
0 0.6011767715528269 0.7677940415465365 0.01728205565504104 0.015273157388925979
0 0.5763622409823485 0.9182412951874029 0.028168613740371218 0.02109115103127067
0 0.4038401409851909 0.6012234789679899 0.025098774906909975 0.020854587122052338
0 0.4460362127284614 0.26789014563465663 0.024246041897615204 0.01780143416869962
0 0.43891589210084986 0.30020329710948473 0.020380318922145552 0.016507725290160508
0 0.5159603194906341 0.3165964367561174 0.02657684545635423 0.01897686109262957
0 0.5458628236832381 0.331348414282546 0.02040874335578865 0.017505729282176363
0 0.6058810153207698 0.35489391587195973 0.02200051163980546 0.019620019220817582
0 0.7091327705295472 0.3638463813114512 0.01881697507177166 0.015391439343535146
0 0.8169608595548734 0.3855991720263177 0.019612859213780243 0.016448584312855813
0 0.7935533384497314 0.42412582242921565 0.020437167789431745 0.01850373327419233
0 0.6853130951365795 0.5492237746728764 0.027429578465649175 0.02203001404598217
0 0.7801796424206248 0.6267391143638649 0.018021090929763083 0.014334294374214481
0 0.16255933600523012 0.19575663487839137 0.04843523492794404 0.03360686035336731