0 0.29966517857142855 0.5542168674698795 0.041294642857142856 0.04417670682730924
0 0.44642857142857145 0.9156626506024096 0.046875 0.04417670682730924
0 0.4095982142857143 0.8614457831325302 0.03794642857142857 0.040160642570281124
0 0.31361607142857145 0.8524096385542169 0.05357142857142857 0.06224899598393574
0 0.22600446428571427 0.6365461847389559 0.05022321428571429 0.05622489959839357
0 0.41183035714285715 0.8172690763052208 0.049107142857142856 0.05622489959839357
0 0.33314732142857145 0.5903614457831325 0.0390625 0.04417670682730924
0 0.16573660714285715 0.37349397590361444 0.04575892857142857 0.04417670682730924
0 0.4536830357142857 0.4307228915662651 0.04575892857142857 0.04618473895582329
0 0.6986607142857143 0.20682730923694778 0.046875 0.040160642570281124
0 0.29017857142857145 0.21084337349397592 0.04241071428571429 0.040160642570281124
0 0.6495535714285714 0.8313253012048193 0.05803571428571429 0.060240963855421686
0 0.6573660714285714 0.5903614457831325 0.046875 0.04417670682730924
0 0.17410714285714285 0.8152610441767069 0.05357142857142857 0.060240963855421686
0 0.30245535714285715 0.5240963855421686 0.046875 0.03614457831325301
0 0.7801339285714286 0.46686746987951805 0.046875 0.04618473895582329
0 0.5731026785714286 0.8373493975903614 0.05022321428571429 0.05220883534136546
0 0.11272321428571429 0.39457831325301207 0.044642857142857144 0.04618473895582329
0 0.16685267857142858 0.40160642570281124 0.036830357142857144 0.040160642570281124
0 0.6037946428571429 0.19979919678714858 0.046875 0.03815261044176707
0 0.47042410714285715 0.32630522088353414 0.0703125 0.04216867469879518
0 0.7265625 0.4246987951807229 0.046875 0.04216867469879518
0 0.19866071428571427 0.2359437751004016 0.046875 0.03413654618473896
0 0.5658482142857143 0.6174698795180723 0.03794642857142857 0.03815261044176707
0 0.9034598214285714 0.6907630522088354 0.06361607142857142 0.04819277108433735
0 0.7806919642857143 0.43172690763052207 0.04799107142857143 0.040160642570281124
0 0.8063616071428571 0.2289156626506024 0.04352678571428571 0.04819277108433735
0 0.19810267857142858 0.26907630522088355 0.041294642857142856 0.04417670682730924
0 0.6037946428571429 0.22791164658634538 0.046875 0.03413654618473896
0 0.7276785714285714 0.4568273092369478 0.03794642857142857 0.04216867469879518
0 0.6568080357142857 0.5602409638554217 0.04352678571428571 0.04819277108433735
0 0.45200892857142855 0.38052208835341367 0.03794642857142857 0.03815261044176707
0 0.089609375 0.2242168674698795 0.04845982142857143 0.050843373493975906
0 0.33482142857142855 0.5602409638554217 0.04017857142857143 0.040160642570281124
0 0.4453125 0.9477911646586346 0.03794642857142857 0.03614457831325301
0 0.5675223214285714 0.5883534136546185 0.03459821428571429 0.040160642570281124
0 0.7232142857142857 0.6977911646586346 0.05803571428571429 0.06224899598393574
0 0.8829129464285714 0.1440963855421687 0.04535714285714286 0.06166666666666667
0 0.8887388392857142 0.2167269076305221 0.039843750000000004 0.052429718875502004
0 0.9093749999999999 0.2978313253012048 0.09314732142857142 0.060180722891566264
0 0.9088504464285715 0.37859437751004016 0.09896205357142858 0.05797188755020081
0 0.8781696428571429 0.4537951807228916 0.04275669642857143 0.050843373493975906
0 0.9057031249999999 0.6594979919678715 0.03256696428571428 0.045180722891566265
0 0.2911272321428572 0.24429718875502007 0.047890625 0.03449799196787148
0 0.11157366071428572 0.4239357429718876 0.042991071428571434 0.03975903614457831