0 0.31013558201058206 0.3742005057266101 0.045105820105820094 0.05860478952848438
0 0.483870701058201 0.04853488026178789 0.05068617724867724 0.05890227576974564
0 0.4429315476190476 0.09390896921017403 0.04170800264550272 0.052402201398185314
0 0.34735863095238095 0.08092369477911646 0.058664021164021155 0.0793990777926521
0 0.24344411375661373 0.2753012048192771 0.05526620370370366 0.07319648966235315
0 0.4416211970899471 0.1381749219098617 0.054150132275132226 0.07313699241410083
0 0.34618468915343914 0.34515841142347164 0.04285714285714296 0.056477762903465685
0 0.1634135251322751 0.5226461401160196 0.049570105820105806 0.05884277852149341
0 0.45267443783068784 0.5313327383608507 0.049586640211640214 0.06085081065000746
0 0.6777199074074074 0.8096236799048044 0.0506531084656083 0.05488621151271739
0 0.2738425925925926 0.712628290941544 0.04618882275132271 0.05464822251970858
0 0.6781084656084656 0.1788041053101294 0.06312830687830687 0.0796370667856612
0 0.667249503968254 0.41944816302246024 0.05068617724867711 0.05890227576974572
0 0.20615906084656085 0.08644206455451435 0.058647486772486754 0.07739104566413804
0 0.3103835978835979 0.404320987654321 0.049503968253968314 0.05081065000743718
0 0.779030257936508 0.570184441469582 0.05070271164021177 0.060910307898259554
0 0.6031084656084656 0.15568198720809162 0.0552331349206351 0.06918042540532504
0 0.11233465608465609 0.4892086865982448 0.04847056878306878 0.06079131340175515
0 0.16653025793650794 0.49435519857206606 0.04059193121693123 0.052342704149933056
0 0.5832465277777777 0.7945708760969805 0.04952050264550272 0.05281868213595124
0 0.46137979497354503 0.6393499925628441 0.07417328042328032 0.06617581436858538
0 0.7223338293650794 0.6003272348653874 0.05066964285714296 0.05689424364123144
0 0.18525132275132275 0.6661237542763647 0.04948743386243391 0.04880261787892313
0 0.578649966931217 0.37193961029302397 0.041691468253968314 0.050394169269671205
0 0.9186755952380953 0.37591105161386285 0.06750992063492056 0.06983489513610006
0 0.7765294312169312 0.6054737468392086 0.05176917989417973 0.0549457087609697
0 0.7860532407407407 0.8128885914026477 0.04737103174603163 0.06273984828201712
0 0.18721891534391535 0.6338762457236353 0.045105820105820094 0.05860478952848438
0 0.5852554563492064 0.7673434478655362 0.04948743386243391 0.04880261787892313
0 0.725975529100529 0.5679904804402797 0.04172453703703687 0.05441023352669932
0 0.6641493055555555 0.44974713669492783 0.04737103174603163 0.0627398482820169
0 0.44694113756613757 0.5808567603748326 0.041691468253968314 0.050394169269671205
0 0.07627728174603174 0.6528484307600773 0.05298445767195765 0.06705339878030635
0 0.3453166335978836 0.37533839059943475 0.04394014550264558 0.05252119589468989
0 0.485280257936508 0.02024022013981853 0.04055886243386248 0.04048044027963706
0 0.5777736441798942 0.40111557340473003 0.038359788359788434 0.05222370965342854
0 0.7407490079365079 0.3281421984233229 0.06314484126984128 0.08164509891417514
0 0.8549933862433863 0.9136769299419902 0.050834986772487004 0.07697456492637224
0 0.8666997354497354 0.8437453517774803 0.04403935185185175 0.06456938866577423
0 0.893431712962963 0.7679904804402797 0.09780919312169319 0.09152164212405177
0 0.8994667658730159 0.6873122118102037 0.10337301587301592 0.08981109623679907
0 0.874785052910053 0.6052580693142942 0.04738756613756629 0.06474788041053095
0 0.9183821097883599 0.4080693142942139 0.036160714285714386 0.05612077941395214
0 0.27691798941798945 0.6793172690763051 0.05062003968253968 0.05087014725568927
0 0.11376901455026456 0.46000297486241265 0.04618882275132278 0.05464822251970847