0 0.15435823060188544 0.16895043731778425 0.02304568527918782 0.07876093294460641
0 0.18584481508339373 0.1579008746355685 0.02171138506163887 0.0789941690962099
0 0.16913705583756347 0.12698250728862973 0.019202320522117476 0.07418367346938776
0 0.1329876722262509 0.46024781341107873 0.022327773749093546 0.08960641399416909
0 0.40210297316896304 0.7747813411078717 0.04568527918781726 0.06851311953352769
0 0.7251631617113851 0.07580174927113703 0.030456852791878174 0.04956268221574344
0 0.21174764321972445 0.5619533527696793 0.03770848440899202 0.05393586005830904
0 0.23894126178390138 0.6865889212827988 0.028281363306744016 0.04664723032069971
0 0.41515591007976793 0.3760932944606414 0.03988397389412618 0.04664723032069971
0 0.5221174764321972 0.16034985422740525 0.029006526468455404 0.09912536443148688
0 0.06272661348803481 0.9431486880466472 0.04568527918781726 0.05830903790087463
0 0.22951414068165338 0.06268221574344024 0.05293691080493111 0.05539358600583091
0 0.5406091370558376 0.37900874635568516 0.05873821609862219 0.04956268221574344
0 0.8712835387962291 0.49927113702623904 0.025380710659898477 0.10349854227405247
0 0.5779550398839739 0.32653061224489793 0.03335750543872371 0.04664723032069971
0 0.3821609862218999 0.037900874635568516 0.03190717911530094 0.04956268221574344
0 0.6479332849891225 0.9715743440233237 0.05148658448150834 0.056851311953352766
0 0.5348078317621465 0.3462099125364432 0.0340826686004351 0.048104956268221574
0 0.803118201595359 0.10349854227405247 0.04568527918781726 0.061224489795918366
0 0.19108049311094996 0.41180758017492713 0.023930384336475707 0.08309037900874636
0 0.4169688179840464 0.500728862973761 0.07831762146482958 0.06268221574344024
0 0.11348803480783176 0.07434402332361516 0.04423495286439449 0.04956268221574344
0 0.7603335750543873 0.030612244897959183 0.04133430021754895 0.04664723032069971
0 0.5014503263234228 0.6268221574344023 0.03843364757070341 0.04081632653061224
0 0.1899927483683829 0.25801749271137026 0.03335750543872371 0.04956268221574344
0 0.7643219724437998 0.5634110787172012 0.046410442349528645 0.07142857142857142
0 0.7026831036983321 0.11661807580174927 0.03480783176214648 0.05539358600583091
0 0.043509789702683106 0.35787172011661805 0.044960116026105876 0.056851311953352766
0 0.42023205221174764 0.09620991253644315 0.023930384336475707 0.09912536443148688
0 0.13741841914430747 0.14212827988338192 0.025380710659898477 0.09766763848396501
0 0.8875997099347354 0.5262390670553936 0.023205221174764323 0.09329446064139942
0 0.7092095721537346 0.25 0.029006526468455404 0.03935860058309038
0 0.07831762146482958 0.6486880466472303 0.02610587382160986 0.08746355685131195
0 0.5670775924583031 0.5677842565597667 0.044960116026105876 0.05393586005830904
0 0.29441624365482233 0.3462099125364432 0.02755620014503263 0.09766763848396501
0 0.46301667875271935 0.26822157434402333 0.02102973168963017 0.04081632653061224
0 0.8179840464104423 0.40597667638483964 0.044960116026105876 0.056851311953352766
0 0.21537345902828137 0.10568513119533528 0.046410442349528645 0.05393586005830904
0 0.7175489485134156 0.29008746355685133 0.04423495286439449 0.04956268221574344
0 0.36221899927483686 0.3892128279883382 0.03553299492385787 0.043731778425655975
0 0.34445250181290793 0.45626822157434405 0.02610587382160986 0.09037900874635568
0 0.6134880348078318 0.025510204081632654 0.03915881073241479 0.05102040816326531
0 0.719361856417694 0.391399416909621 0.043509789702683106 0.048104956268221574
0 0.6689630166787527 0.5736151603498543 0.04713560551124003 0.056851311953352766
0 0.5485859318346628 0.30903790087463556 0.03843364757070341 0.04956268221574344
0 0.4463379260333575 0.22521865889212828 0.05873821609862219 0.07725947521865889
0 0.7298767222625091 0.19825072886297376 0.04423495286439449 0.052478134110787174
0 0.8444525018129079 0.11151603498542274 0.04423495286439449 0.05102040816326531
0 0.41334300217548947 0.4271137026239067 0.043509789702683106 0.04956268221574344
0 0.2751994198694706 0.478134110787172 0.022480058013052938 0.10495626822157435
0 0.9535895576504714 0.923469387755102 0.049311094996374184 0.0597667638483965
0 0.31725888324873097 0.028425655976676383 0.03553299492385787 0.04518950437317784
0 0.3941261783901378 0.5743440233236151 0.04423495286439449 0.052478134110787174
0 0.2719361856417694 0.6763848396501457 0.043509789702683106 0.061224489795918366
0 0.34155184916606235 0.15306122448979592 0.03770848440899202 0.04956268221574344
0 0.15264684554024655 0.4074344023323615 0.04713560551124003 0.05393586005830904
0 0.9601160261058739 0.09912536443148688 0.03625815808556925 0.10204081632653061
0 0.20775924583031183 0.6705539358600583 0.04568527918781726 0.052478134110787174
0 0.711022480058013 0.3250728862973761 0.04423495286439449 0.04664723032069971
0 0.18781725888324874 0.3360058309037901 0.02755620014503263 0.08892128279883382
0 0.09390862944162437 0.2164723032069971 0.04713560551124003 0.056851311953352766
0 0.5427846265409717 0.5867346938775511 0.026831036983321246 0.09475218658892129
0 0.9354604786076868 0.31997084548104954 0.05221174764321972 0.06851311953352769
0 0.49274836838288616 0.7536443148688047 0.03118201595358956 0.04956268221574344
0 0.10224800580130529 0.5699708454810496 0.044960116026105876 0.05539358600583091
0 0.6577229876722263 0.2230320699708455 0.0681653372008702 0.05830903790087463
0 0.24655547498187091 0.5364431486880467 0.049311094996374184 0.061224489795918366
0 0.6399564902102973 0.5670553935860059 0.023930384336475707 0.09037900874635568
0 0.42095721537345904 0.2915451895043732 0.04423495286439449 0.04664723032069971
0 0.5540246555474981 0.42565597667638483 0.023205221174764323 0.0728862973760933
0 0.7907904278462654 0.4613702623906705 0.026831036983321246 0.09183673469387756
0 0.6265409717186367 0.3979591836734694 0.043509789702683106 0.04081632653061224
0 0.39050036258158083 0.34839650145772594 0.025380710659898477 0.08746355685131195
0 0.35569253081943436 0.5539358600583091 0.05148658448150834 0.0641399416909621
0 0.22588832487309646 0.1661807580174927 0.04568527918781726 0.05539358600583091
0 0.05656272661348803 0.1129737609329446 0.029006526468455404 0.11224489795918367
0 0.4325598259608412 0.5714285714285714 0.026831036983321246 0.09329446064139942
0 0.5739666424945613 0.6107871720116618 0.04423495286439449 0.052478134110787174
0 0.49891225525743294 0.6661807580174927 0.046410442349528645 0.04664723032069971
0 0.026468455402465556 0.12026239067055394 0.026831036983321246 0.09475218658892129
0 0.33176214648295865 0.10787172011661808 0.04713560551124003 0.04956268221574344
0 0.8034807831762146 0.7412536443148688 0.04205946337926034 0.0597667638483965
0 0.836113125453227 0.46574344023323616 0.046410442349528645 0.048104956268221574
0 0.28970268310369834 0.16253644314868804 0.03118201595358956 0.09475218658892129
0 0.41479332849891226 0.1727405247813411 0.046410442349528645 0.05393586005830904
0 0.29296591733139954 0.48542274052478135 0.02755620014503263 0.10204081632653061
0 0.9405366207396664 0.608600583090379 0.044960116026105876 0.0597667638483965
0 0.6428571428571429 0.4584548104956268 0.026831036983321246 0.09766763848396501
0 0.6932559825960841 0.6829446064139941 0.046410442349528645 0.05393586005830904
0 0.8002175489485134 0.5466472303206997 0.04423495286439449 0.05830903790087463
0 0.8270485859318346 0.2099125364431487 0.02973168963016679 0.09912536443148688
0 0.9767947788252357 0.24927113702623907 0.046410442349528645 0.061224489795918366
0 0.15119651921682378 0.7376093294460642 0.026831036983321246 0.09912536443148688
0 0.720449601160261 0.4263848396501458 0.04568527918781726 0.048104956268221574
0 0.6055112400290066 0.3469387755102041 0.04205946337926034 0.04664723032069971
0 0.4626540971718637 0.33746355685131196 0.02610587382160986 0.09183673469387756
0 0.3223350253807107 0.6749271137026239 0.028281363306744016 0.09620991253644315
0 0.23821609862218998 0.29737609329446063 0.04568527918781726 0.05539358600583091
0 0.2962291515591008 0.5830903790087464 0.04278462654097172 0.043731778425655975
0 0.5768672951414068 0.7747813411078717 0.04713560551124003 0.06268221574344024
0 0.621464829586657 0.706268221574344 0.046410442349528645 0.05393586005830904
0 0.5409717186366932 0.4934402332361516 0.02755620014503263 0.09475218658892129
0 0.33720087019579403 0.3739067055393586 0.02755620014503263 0.10058309037900874
0 0.05620014503263234 0.18075801749271136 0.04423495286439449 0.04956268221574344
0 0.8245105148658448 0.3491253644314869 0.02755620014503263 0.09183673469387756
0 0.6142131979695431 0.5619533527696793 0.024655547498187092 0.09475218658892129
0 0.11928934010152284 0.7077259475218659 0.03118201595358956 0.10641399416909621
0 0.902102973168963 0.9424198250728864 0.04205946337926034 0.05102040816326531
0 0.9873096446700508 0.18221574344023322 0.023930384336475707 0.09329446064139942
0 0.9155184916606236 0.4314868804664723 0.048585931834662796 0.06997084548104957
0 0.1352429296591733 0.6290087463556852 0.026831036983321246 0.09475218658892129
0 0.8908629441624365 0.6822157434402333 0.04713560551124003 0.061224489795918366
0 0.6047860768672951 0.30174927113702626 0.044960116026105876 0.04956268221574344
0 0.9423495286439448 0.37244897959183676 0.04713560551124003 0.06268221574344024
0 0.8183466279912981 0.2922740524781341 0.04713560551124003 0.0597667638483965
0 0.04060913705583756 0.630466472303207 0.02610587382160986 0.09766763848396501
0 0.35351704133430023 0.9169096209912536 0.03553299492385787 0.11661807580174927
0 0.04459753444525018 0.7412536443148688 0.028281363306744016 0.09766763848396501
0 0.5964467005076142 0.4737609329446064 0.025380710659898477 0.09037900874635568
0 0.8759970993473531 0.26384839650145775 0.046410442349528645 0.05539358600583091
0 0.032632342277012324 0.4511661807580175 0.02610587382160986 0.08892128279883382
0 0.48622189992748366 0.38338192419825073 0.04278462654097172 0.04664723032069971
0 0.2860768672951414 0.26895043731778423 0.026831036983321246 0.09183673469387756
0 0.11820159535895576 0.9395043731778425 0.046410442349528645 0.05102040816326531
0 0.9452501812907904 0.18294460641399418 0.048585931834662796 0.0597667638483965
0 0.7237128353879623 0.6100583090379009 0.043509789702683106 0.05102040816326531
0 0.3868745467730239 0.6596209912536443 0.04568527918781726 0.05393586005830904
0 0.6417693981145758 0.6698250728862973 0.02610587382160986 0.08600583090379009
0 0.2610587382160986 0.12682215743440234 0.049311094996374184 0.052478134110787174
0 0.21573604060913706 0.34839650145772594 0.025380710659898477 0.09912536443148688
0 0.7367657722987673 0.23396501457725946 0.047860768672951415 0.05393586005830904
0 0.7900652646845541 0.34766763848396504 0.03118201595358956 0.08892128279883382
0 0.3640319071791153 0.45626822157434405 0.024655547498187092 0.09329446064139942
0 0.9071791153009428 0.64067055393586 0.043509789702683106 0.05102040816326531
0 0.742929659173314 0.6588921282798834 0.04423495286439449 0.052478134110787174
0 0.7748368382886149 0.6588921282798834 0.026831036983321246 0.09329446064139942
0 0.9720812182741116 0.5262390670553936 0.026831036983321246 0.09037900874635568
0 0.3357505438723713 0.7959183673469388 0.049311094996374184 0.0641399416909621
0 0.16678752719361856 0.6129737609329446 0.02610587382160986 0.09475218658892129
0 0.11747643219724438 0.793731778425656 0.05221174764321972 0.06851311953352769
0 0.130891950688905 0.282798833819242 0.05148658448150834 0.04664723032069971
0 0.8379260333575055 0.8688046647230321 0.04568527918781726 0.05830903790087463
0 0.873821609862219 0.18731778425655976 0.04060913705583756 0.048104956268221574
0 0.3005801305293691 0.6763848396501457 0.025380710659898477 0.09329446064139942
0 0.6482958665699783 0.7951895043731778 0.050761421319796954 0.06268221574344024
0 0.1744017403915881 0.8739067055393586 0.048585931834662796 0.06559766763848396
0 0.9535895576504714 0.7004373177842566 0.043509789702683106 0.056851311953352766
0 0.19579405366207397 0.7339650145772595 0.029006526468455404 0.09475218658892129
0 0.6682378535170413 0.5131195335276968 0.04568527918781726 0.05539358600583091
0 0.9060913705583756 0.8024781341107872 0.04423495286439449 0.05102040816326531
0 0.1555474981870921 0.5116618075801749 0.02973168963016679 0.09620991253644315
0 0.10478607686729514 0.413265306122449 0.04423495286439449 0.05393586005830904
0 0.6631617113850616 0.34766763848396504 0.02973168963016679 0.09766763848396501
0 0.0779550398839739 0.5225947521865889 0.028281363306744016 0.09183673469387756
0 0.6221899927483684 0.45991253644314867 0.024655547498187092 0.08600583090379009
0 0.8415518491660624 0.6348396501457726 0.028281363306744016 0.08600583090379009
0 0.16659173313995648 0.4473469387755102 0.039499637418419144 0.040699708454810496