0 0.16117154137458706 0.7648310117697872 0.02928047699621305 0.08468847856602953
0 0.19250664732898237 0.7841593780369291 0.027830150672790238 0.08460209480617632
0 0.175194048290495 0.81077637404168 0.025482770660435635 0.07864161537630902
0 0.14668976445626192 0.4700248353309578 0.029581285418848875 0.0948925601986826
0 0.42304944538447076 0.23110355253212397 0.0515886444820455 0.08019652305366592
0 0.730534740687025 0.9912644422848504 0.034265302285606834 0.017471115430299087
0 0.22759111540837432 0.3904437965662455 0.04241398759165252 0.06364323507180644
0 0.25783041925173905 0.2743764172335601 0.032003867536862456 0.05429219306770322
0 0.4272097333011039 0.6300669474138862 0.04369242338785484 0.05789871504157219
0 0.5291891601536272 0.8726055501565706 0.037176698090403665 0.10698628657812327
0 0.23401283807375178 0.8906759529208508 0.05777133188300698 0.06892344239283014
0 0.552625359224344 0.6608195659216067 0.0627185561195713 0.06485260770975047
0 0.8861681841377274 0.6304826692581795 0.03363682754545688 0.10968577907353413
0 0.5888324873096447 0.7226379440665154 0.03712298230064722 0.05605226217471118
0 0.38652270835011954 0.956511175898931 0.035715628609029604 0.05742360436237983
0 0.6733274245964601 0.10194903358168664 0.05636397819138928 0.07029478458049887
0 0.5459350576101845 0.6917071590540977 0.03789111809416376 0.05755318000215966
0 0.809233744259125 0.9839056257423605 0.05064861816130851 0.03218874851527906
0 0.2035855289662396 0.5338030450275348 0.030859721215051237 0.08914804016844835
0 0.431533854376494 0.5066353525537198 0.0835387962291516 0.08355469171795706
0 0.11836274272822496 0.8474084872044056 0.048129347621733376 0.06107331821617557
0 0.5189992748368383 0.4041626174279236 0.042027233905406636 0.050523701544109643
0 0.1990331157843848 0.6863243710182486 0.037208927564257525 0.058967714069754915
0 0.7806596298982086 0.5383435914048159 0.05239975290736702 0.08315516682863627
0 0.7088980205731474 0.9647986178598423 0.03955630757661213 0.0649281934996222
0 0.05486799344667365 0.5475002699492496 0.04979453710418177 0.06844833171363779
0 0.4256492896086805 0.9086383759853148 0.032057583326618816 0.10522621747111548
0 0.14373002444068433 0.7870748299319729 0.03346493701823652 0.10385487528344683
0 0.9032471194907743 0.6082172551560306 0.031160529637686982 0.09935212180110141
0 0.7184245158864447 0.8336734693877552 0.03251416753954832 0.04704675521002067
0 0.09624795208551555 0.2691178058524997 0.03316412859560069 0.09365079365079361
0 0.5835119383342734 0.4807634164777022 0.049708591840571525 0.06553287981859406
0 0.3055112400290065 0.6271838894287874 0.03568339913517574 0.1054421768707482
0 0.4723659119598206 0.7498974192851744 0.024537372760723087 0.04657164453082831
0 0.8309241801627588 0.7086815678652414 0.04979453710418166 0.06844833171363779
0 0.22105658958450836 0.8440665154950869 0.051158918163994295 0.06561926357844727
0 0.7278220933043268 0.7963988770111219 0.04812934762173329 0.06107331821617557
0 0.37426745091719704 0.6021757909513011 0.03921252652217107 0.053266385919447275
0 0.3580640829371794 0.5313627038116834 0.03325007385921091 0.0965662455458375
0 0.7317460317460317 0.6962261094914156 0.04736121182821692 0.059572400388726764
0 0.685485993607821 0.5021164021164022 0.05201299922112097 0.07003563330093948
0 0.5590819971530632 0.7325072886297376 0.04228506969623722 0.059270057229240836
0 0.4546504444981603 0.7874041680164129 0.06498536244729149 0.09263578447251913
0 0.7378454596728707 0.8908541194255479 0.04821529288534376 0.06398877011121896
0 0.8505895307925765 0.9880844401252565 0.04817232025353861 0.023831119749487
0 0.42640936803373347 0.5783608681567864 0.04740418446002207 0.0610301263362488
0 0.2891870115220369 0.4908811143505021 0.030779147530416575 0.11097073750134973
0 0.9755834877662288 0.23216175359032498 0.048833024467542265 0.07308066083576287
0 0.3211291059006795 0.9482507288629738 0.0392554991539763 0.05472411186696914
0 0.4103805763704241 0.42752402548320917 0.0482152928853436 0.06398877011121913
0 0.2906158515295571 0.293791167260555 0.04847312867617436 0.07273512579635033
0 0.34844627078129614 0.831281719036821 0.04155990653452584 0.059226865349314234
0 0.16504444981602343 0.5278695605226217 0.05192705395751079 0.06712018140589575
0 0.9651465098165606 0.9973922902494331 0.043096178121558915 0.005215419501133794
0 0.2262025622431714 0.28195119317568296 0.04966561920876645 0.06407515387107218
0 0.7220557032739774 0.7604038440773135 0.04804340235812315 0.05815786632113184
0 0.1985469878870894 0.6084440125256452 0.034700400182633685 0.09665262930569038
0 0.10175919211452207 0.7016304934672282 0.052012999221121056 0.07003563330093948
0 0.5595976687347246 0.455328798185941 0.03487229070985421 0.10248353309577801
0 0.9465689039293099 0.8254346182917612 0.05815808556925295 0.08204297592052694
0 0.5130636800687562 0.27648202137998057 0.03499046544731822 0.057380412482453305
0 0.11827679746461474 0.35337436561926355 0.04975156447237668 0.06699060576611592
0 0.6663228856122257 0.846577043515819 0.07321462143797175 0.07711910160889758
0 0.26191550506271316 0.4252294568621099 0.05431740660167059 0.07453838678328473
0 0.6565009534552682 0.5011175898931001 0.031074584374076675 0.09643666990605768
0 0.43081137700427036 0.7154087031638052 0.04804340235812315 0.05815786632113167
0 0.5672897698278409 0.6180380088543355 0.02910858646899256 0.07885757477594207
0 0.8048478500255151 0.6467390130655437 0.03406118228453252 0.09952488932080768
0 0.6388982891520962 0.665230536659108 0.04714634866919132 0.0522837706511176
0 0.40174844895657075 0.6503779289493574 0.0324389654338893 0.09360760177086716
0 0.37158703300835283 0.43758233452111 0.05657884135041505 0.07758341431810813
0 0.23275320280396425 0.7865565273728539 0.05047672763408806 0.06703379764604253
0 0.06213036822173878 0.7938559550804449 0.03828861493836114 0.12014901198574668
0 0.4487739370988102 0.44072454378576825 0.03410415491633768 0.10098261526832954
0 0.5913517578492197 0.43975812547241117 0.04821529288534376 0.06398877011121896
0 0.5174764321972444 0.3647824209048699 0.05026186447506246 0.0597451679084332
0 0.03561625439798029 0.7784526509016304 0.028345822254451696 0.10209480617643871
0 0.33738618967045364 0.8735503725299644 0.05107297290038407 0.06270381168340354
0 0.8238981548626219 0.37211964150739657 0.04697982972094643 0.07119101608897525
0 0.8503209518437945 0.6545405463772811 0.05030483710686761 0.061202893855955065
0 0.2967206510353719 0.8078285282366915 0.039223269680122526 0.1027426843753375
0 0.42192141379958636 0.8312925170068027 0.051158918163994295 0.06561926357844727
0 0.30720865898530875 0.48831659647986175 0.035812317030591116 0.10981535471331379
0 0.9580882550425698 0.5409081092754562 0.049880482367791974 0.07136378360868152
0 0.6568017618779041 0.6095454054637728 0.03495823597346452 0.10539898499082175
0 0.7121666263798243 0.40038872691933913 0.051158918163994295 0.06561926357844727
0 0.8161765100851395 0.5644692797754023 0.04911234657427576 0.06986286578123305
0 0.8352751591330272 0.90538818702084 0.037901861252114886 0.10702947845804987
0 0.9802849622646577 0.9071050642479214 0.03943007547068462 0.0729078933160566
0 0.17094512932076383 0.20008098477486233 0.0349582359734644 0.10539898499082175
0 0.733636827545457 0.662142317244358 0.04953670131335108 0.05970197602850659
0 0.6166841242983375 0.7097451679084331 0.045867912872989 0.05802829068135201
0 0.4735879461767787 0.6808498002375554 0.033293046491015985 0.0980239714933592
0 0.34099589074208364 0.3084332145556635 0.036365589665082056 0.10402764280315294
0 0.24820992130636801 0.6601500917827449 0.05047672763408806 0.06703379764604253
0 0.3127118416458518 0.39260339056257426 0.04650713077109016 0.05515603066623472
0 0.5978003384094754 0.277891156462585 0.05218488974834159 0.07586653709102693
0 0.6410710928477427 0.3583198358708563 0.051158918163994295 0.06561926357844727
0 0.5554373808180916 0.547484072994277 0.0355974538715656 0.10252672497570463
0 0.3488249670990788 0.6108465608465609 0.03576934439878605 0.10835762876579193
0 0.06341686138640452 0.7269949249541087 0.04812934762173342 0.06107331821617524
0 0.8358848333467623 0.7664561062520246 0.034786345446243906 0.09956808120073411
0 0.6303735933177557 0.49883381924198256 0.03265382859291491 0.10089623150847649
0 0.13863776757177773 0.22143936939855308 0.03956705073456342 0.11440449195551235
0 0.9270244138264444 0.19927653601122988 0.045996830768404454 0.06240146852391753
0 0.9896113662611125 0.9631654249001188 0.020777267477775137 0.07366915019976232
0 0.9290333843633335 0.7094320267789656 0.05457524239250118 0.08328474246841593
0 0.15264684554024655 0.3037630925386028 0.03487229070985417 0.10248353309577801
0 0.9099320495259582 0.45436777885757473 0.052141917116536436 0.07440881114350507
0 0.6151156232374507 0.7547619047619047 0.04885451078344484 0.06111651009610185
0 0.9545134692342815 0.7757045675413022 0.052184889748341255 0.07586653709102693
0 0.8284532538339645 0.8213097937587734 0.05209894448473128 0.07295108519598288
0 0.05811511293744796 0.2770327178490444 0.0341901001799479 0.10389806716337327
0 0.37771600461955795 0.08070402764280316 0.044772110761958576 0.11908001295756397
0 0.06431928665431204 0.1682647662239499 0.036408562296887166 0.10548536875067488
0 0.6107485295302554 0.5820645718604902 0.032524910697499444 0.0965230536659109
0 0.8854940509762844 0.8654518950437319 0.051201890795799614 0.0670769895259688
0 0.045910885504794136 0.45238095238095244 0.03320710122740579 0.09510851959831564
0 0.49812800472698954 0.6415667854443364 0.04659307603470038 0.058071482561278455
0 0.29539655681787663 0.7015225137674117 0.03406118228453252 0.09952488932080784
0 0.9531893750167862 0.9637755102040816 0.05354927080815405 0.0724489795918368
0 0.7409556038997663 0.4806824317028399 0.04744715709182722 0.0624878522837705
0 0.40530712002793223 0.3413670229996761 0.05043375500228307 0.06557607169852066
0 0.660381919265168 0.39948709642587193 0.033121155963795536 0.0921930677032719
0 0.26712325087959604 0.8351689882302127 0.053334407649128446 0.06574883921822676
0 0.2269975559315661 0.6035903250188964 0.033507909650041585 0.10531260123096853
0 0.7455375607659871 0.8571158622179031 0.05265221711922238 0.06716337328582202
0 0.8016302742191066 0.7585951841053883 0.038326215991190855 0.09686858870532343
0 0.3777509198828996 0.5361731994385055 0.03261085596110975 0.09943850556095463
0 0.9253833964493862 0.49967066191555987 0.04744715709182722 0.06248785228377066
0 0.7613998334810518 0.4375175467012202 0.04821529288534376 0.06398877011121913
0 0.7935003894394757 0.4459777561818378 0.03410415491633768 0.10098261526832954
0 0.9854363065022962 0.6307202245977755 0.02912738699540752 0.09806716337328597
0 0.357115999247979 0.1922524565381708 0.054403351865280815 0.07745383867832846
0 0.18376977412510406 0.32817190368210775 0.03410415491633768 0.10098261526832954
0 0.13864045336126554 0.13558471007450598 0.058158085569253073 0.08204297592052694
0 0.14028684231729918 0.6457186049022783 0.055338006607042155 0.060047511067919127
0 0.8613461176912953 0.25502645502645505 0.0505626728976982 0.06994924954108626
0 0.8819058362205571 0.9401792463016952 0.04446055918137138 0.05939963286902066
0 0.3190691053635216 0.3013065543677788 0.03261085596110975 0.09943850556095446
0 0.6698036687884403 0.2770867076989526 0.05581070555689851 0.07608249649065982
0 0.19755593156608386 0.07142857142857142 0.053721161335374495 0.07886837274592376
0 0.9732334219643864 0.45304502753482345 0.04834421078075923 0.06836194795378474
0 0.21556683587140438 0.2158352229780801 0.03704778019498837 0.10261310873555776
0 0.6832809604383209 0.5623744735989634 0.05047672763408806 0.06703379764604253
0 0.9278865522520345 0.33902386351365943 0.04817232025353861 0.06253104416369727
0 0.17035425563344345 0.42559658784148585 0.037815915988504825 0.10411402656300615
0 0.1174361453549271 0.509027102904654 0.04898342867886014 0.06548968793866744
0 0.6746783767088336 0.7248407299427708 0.037858888620309894 0.10557175251052801
0 0.09303306206859507 0.39334305150631677 0.035511508607955294 0.0996112730806609
0 0.635962721241909 0.6024835330957781 0.031670829640372766 0.09210668394341869
0 0.8595197808395778 0.4877443040708347 0.035339618080735005 0.09378036929057326
0 0.1799237235785459 0.4923766331929597 0.04275239706711789 0.05056689342403625