0 0.6427255626905364 0.5808694287507847 0.04168774729195047 0.066399874450722
0 0.7630018810404099 0.7567482736974264 0.04445093079068544 0.072802887633396
0 0.9038658623597328 0.11520715630885123 0.029097749237854176 0.09158819836785935
0 0.5388402412920802 0.7406308851224106 0.03804890705065818 0.0599811676082863
0 0.1446941687747292 0.8451898932831137 0.05693714730492315 0.08361581920903961
0 0.6216935850035674 0.41698838669177657 0.038879159369527225 0.05787821720025115
0 0.8224784328987481 0.7525031387319522 0.058733865213724964 0.08576585059635916
0 0.6695206590127781 0.8092906465787821 0.06555750145942801 0.07741682360326423
0 0.11403969643899593 0.5797473320778406 0.058779269637413235 0.08788449466415577
0 0.5294058506843095 0.6274089767733836 0.029895569825517283 0.04712806026365341
0 0.5128526950768633 0.5090160075329567 0.03634299798923262 0.062068424356559966
0 0.38331711746773045 0.677715003138732 0.04186936498670296 0.07487445072190844
0 0.6250340533177661 0.491109541745135 0.06486346241162358 0.08587570621468921
0 0.6017642861775963 0.2636848713119899 0.037173250308101265 0.059965473948524826
0 0.8987254329636116 0.6928515379786566 0.07034442498540586 0.09656308851224106
0 0.19431796069274176 0.38119899560577525 0.042699617305571806 0.07277150031387318
0 0.15455665823441656 0.4878844946641557 0.03804890705065838 0.0599811676082863
0 0.8241259648440035 0.7885043942247332 0.04965946682233907 0.0707784055241682
0 0.6602159953298308 0.7225596359070935 0.03652461568398531 0.0705430006277464
0 0.8662547836803529 0.05653640929064657 0.0436206784718168 0.07490583804143126
0 0.7642115846143868 0.07744036409290646 0.04283583057663602 0.07912743251726301
0 0.8795128753972887 0.24599026993094789 0.056275539988324366 0.13443188951663532
0 0.9020788739702925 0.726702762084118 0.047908153337225236 0.07074701820464527
0 0.6073133553869106 0.8496155053358442 0.028416682882532285 0.05980853735091038
0 0.25540636959200885 0.7382925298179535 0.03403385872737887 0.07685185185185184
0 0.15869494713627816 0.5174827369742625 0.04892002335084648 0.07711864406779656
0 0.11732503081014463 0.610420590081607 0.03205552312382438 0.06622724419334608
0 0.14754167477459945 0.8758709981167608 0.03205552312382438 0.06622724419334584
0 0.0384218719595252 0.4030681104833647 0.04279042615294805 0.0770087884494664
0 0.1261756502562107 0.2467749529190207 0.05693714730492315 0.08361581920903956
0 0.1997924369202828 0.4118330194601381 0.034682493351495126 0.06627432517263025