0 0.3571107621166514 0.34233071455293673 0.01980107315796364 0.023187429854096483
0 0.5920232953801858 0.5947362514029181 0.020996379182480516 0.02431724653946882
0 0.5370544867600228 0.4586531986531987 0.025171225406796748 0.027766554433221034
0 0.22651921650743795 0.3979536101758324 0.01614535619247044 0.015757575757575665
0 0.6477402608733586 0.6364646464646465 0.020978929459494856 0.02330714552936781
0 0.5299001003359072 0.12411148522259634 0.02136282336517914 0.04552936775158998
0 0.6003773502595646 0.4854919566030677 0.02040745103171491 0.02425738870183316
0 0.6334751123325917 0.373228582117471 0.020791344937399193 0.04647961092405538
0 0.5695611394669109 0.43165357276468386 0.02001046983379131 0.035308641975308606
0 0.6449744797801334 0.5923793490460156 0.019648388081839305 0.0483800972689863
0 0.828870566679754 0.6160381593714926 0.029258823016184668 0.026165357276468425
0 0.6096976835492737 0.33732884399551066 0.02039000130872925 0.02324728769173215
0 0.7708698686908345 0.4853049008604564 0.020944030013523532 0.021286943509165792
0 0.7933581991885879 0.3746240179573513 0.018553417964489782 0.019027310138421235
0 0.667951402521485 0.38535353535353534 0.022209134929982784 0.02645716423494194
0 0.6209047681368058 0.5393677515899737 0.019578589189896658 0.044339693228582264
0 0.7021790341578327 0.24171717171717172 0.022139336038040407 0.02241676019453801
0 0.5618309121842691 0.5388178077066966 0.022990010033590667 0.03762813318368871
0 0.6033721589669765 0.431242050130939 0.02039000130872925 0.02324728769173215
0 0.5105287266064651 0.4457201646090535 0.018937311870174067 0.04124953236064346
0 0.8755965624045718 0.05519640852974187 0.021585307333246123 0.024377104377104383
0 0.6698446974654279 0.27575757575757576 0.020442350477685965 0.026277590722035178
0 0.808474021724905 0.07815188926300039 0.018588317410461106 0.021047512158623254
0 0.5854883741220608 0.7007706696595586 0.02220913492998305 0.02645716423494194
0 0.7875299917113815 0.43974934530490084 0.019818522880949034 0.024197530864197497
0 0.17546787069755268 0.7157239057239057 0.02335209178554294 0.024556677890011244
0 0.6613903066788815 0.01646838757949869 0.019194695284212374 0.0221174710063599
0 0.293190245604851 0.38411896745230084 0.017013479911006428 0.03197904975682749
0 0.30278541203158393 0.45826412270856715 0.018104087597609467 0.027048260381593765
0 0.053479038520263485 0.34142910587355035 0.021463159272346558 0.017306397306397298
0 0.09923657461937792 0.4492068836513281 0.018553417964489817 0.019027310138421235
0 0.7196745626663176 0.5051290684624018 0.01987087204990629 0.027227833894500526
0 0.07646032369236139 0.37236812570145905 0.01917724556122671 0.021107369996258916
0 0.5964184443571958 0.28927048260381594 0.02217423548401173 0.02443696221474003
0 0.6107555730052785 0.32713804713804717 0.01980107315796364 0.023187429854096483
0 0.3323779609998691 0.3277029554807333 0.014967499890939158 0.01563786008230457
0 0.8861580072416351 0.7710437710437711 0.020372551585743585 0.02223718668163114
0 0.25752519303756055 0.25363636363636366 0.027060157919992996 0.03501683501683498
0 0.23741874972734808 0.29450056116722784 0.021620206779217378 0.026397306397306388
0 0.6160973694542599 0.2731537598204265 0.019229594730183427 0.02413767302656183
0 0.7838393752999171 0.7214478114478114 0.025066527068882776 0.021705948372614973
0 0.20038171269031105 0.8730115974560418 0.0215504078872748 0.022356902356902235
0 0.6617829254460587 0.7424242424242424 0.029934999781878316 0.03127572016460914
0 0.26540374296558045 0.8865693976805088 0.028238014221524277 0.03513655069210619
0 0.7364372028094054 0.7429031051253273 0.0215504078872748 0.022356902356902235
0 0.5994023469877415 0.38879161990273103 0.018069188151638143 0.025028058361391745
0 0.775079614361122 0.684021698466143 0.017947040090738782 0.017957351290684674
0 0.3987021768529425 0.24886644219977555 0.01851851851851846 0.017007108118219212
0 0.04420669196876499 0.044410774410774415 0.01792959036775292 0.01694725028058361
0 0.6274331457488111 0.4847586980920314 0.017829254460585232 0.04517022072577628
0 0.7062099201675173 0.2806322484100262 0.01865811630240375 0.025087916199027407
0 0.22011734938707847 0.6153946876169099 0.019731274266020993 0.019147025813692445
0 0.38734676962003234 0.4637860082304527 0.01792959036775285 0.016947250280583664
0 0.0037582340880338524 0.5647886270108492 0.007516468176067705 0.025978301533857093
0 0.7768812982593901 0.13732510288065847 0.018623216856432426 0.023067714178825274
0 0.4877764690485538 0.3845080433969323 0.018623216856432426 0.023067714178825274
0 0.8428826942372291 0.4855480733258511 0.01614535619247064 0.01575757575757578
0 0.7406992976486498 0.666341189674523 0.01980107315796364 0.023187429854096483
0 0.39693757361601884 0.29996632996633 0.017375561662958568 0.01890759446315002
0 0.7770187148279021 0.2825102880658436 0.02458229725603114 0.027706696595585487
0 0.1767220695371461 0.3198279087167976 0.01612790646948478 0.01474747474747477
0 0.05461545172970379 0.25863075196408525 0.02444269947214588 0.019625888514777406
0 0.1100793962395847 0.3830677141788253 0.016180255638441762 0.017777777777777802
0 0.015641495441259874 0.4047661803217359 0.01434367229420233 0.013557800224466886
0 0.42509052043798806 0.3888627010849233 0.01741046110892989 0.02092779648335204
0 0.1687715395018104 0.25257388701833144 0.016232604807398677 0.02080808080808083
0 0.7792871788160364 0.6276318742985411 0.018051738428652483 0.024017957351290736
0 0.48202896654015615 0.42794612794612796 0.017445360554901215 0.022947998503554064
0 0.9038847445796798 0.5106060606060606 0.018588317410461106 0.02104751215862337
0 0.01637438380665707 0.36234193789749347 0.01732321249400166 0.015877291432846993
0 0.844027832308162 0.5383688739244294 0.018588317410461106 0.02104751215862337
0 0.6575731797757711 0.5437074448185558 0.0165990489900973 0.04202020202020193
0 0.594673472058631 0.45834268612046386 0.020978929459494856 0.02330714552936781
0 0.17805697334554813 0.4467414889637112 0.016734284343236046 0.01581743359521133
0 0.4628909828556471 0.2766255144032922 0.02811586616062478 0.02806584362139912
0 0.8319548052174671 0.06316124205013095 0.0238712210443659 0.020576131687242795
0 0.45968241504166124 0.5134044145155257 0.01789469092178153 0.01492704826038153
0 0.9172883130480304 0.39832772166105496 0.02217423548401146 0.024436962214739916
0 0.026761331413863804 0.2715450804339693 0.01500239933691053 0.01765806210250659
0 0.22057758583082493 0.6057687991021324 0.018553417964489782 0.01902731013842135
0 0.09363303232561182 0.7225289936401048 0.01727522575579115 0.047130564908342644
0 0.3908628888016403 0.39637485970819303 0.015661126379618733 0.02175832398054618
0 0.7360707586267068 0.28768050879161994 0.020459800200671893 0.027287691732136188
0 0.2062731754133403 0.24271230826786383 0.01978362343497798 0.022177328843995474
0 0.26642237054486756 0.3001234567901235 0.016804083235178624 0.01985783763561537
0 0.2986781834838372 0.33869060980172094 0.01332286349954197 0.022528993640104765
0 0.29608908083584173 0.8799214365881033 0.02013261789469094 0.04237934904601591
0 0.2482048597478515 0.6740478862701085 0.01739301138594423 0.01991769547325103
0 0.04868472712995681 0.4487991021324355 0.01739301138594425 0.01991769547325103
0 0.1828774593203333 0.47398054620276847 0.045177332809841646 0.02879161990273096
0 0.44504864110282244 0.4246464646464646 0.015591327487676087 0.01771791994014225
0 0.1860358591807355 0.6314627759072203 0.018675566025389344 0.02609801720912842
0 0.15645639750468962 0.38692480359147025 0.010845002835579978 0.015218855218855158
0 0.20425991362387122 0.8186719042274597 0.02153295816428914 0.021346801346801225
0 0.2666710290974131 0.3878226711560045 0.015124547397810112 0.02472876917321366
0 0.24921694368101907 0.6835241301907968 0.019194695284212374 0.02211747100636004
0 0.46984905989617415 0.5884998129442574 0.0179993892596955 0.020987654320987707
0 0.14171138158181737 0.8320875420875421 0.019264494176154952 0.026157875046764083
0 0.17444051825677268 0.3498054620276842 0.01792959036775292 0.016947250280583664
0 0.03064825720891681 0.5570108492330714 0.01860576713344675 0.02205761316872438
0 0.22762073027090696 0.38523756079311633 0.014967499890939226 0.01563786008230457
0 0.12787375125419884 0.6802282080059858 0.01746281027788681 0.023958099513655073
0 0.12031802120141344 0.2327946127946128 0.017340662216987313 0.016887392442948002
0 0.45288574793875147 0.36234193789749347 0.0238712210443659 0.020576131687242753
0 0.10059765301225844 0.4384811073699963 0.017358111939972973 0.017897493453049012
0 0.3303995986563713 0.35714552936775157 0.012646686733848054 0.01741863075196405
0 0.4434061859267984 0.468675645342312 0.01633730314531265 0.026868686868686893
0 0.7337913885617066 0.7088888888888888 0.022069537146098026 0.01837635615413386
0 0.9076626096060726 0.49610549943883275 0.014745015922872442 0.03679012345679012
0 0.4746433712864808 0.48112981668537225 0.013841992758364929 0.018548447437336274
0 0.8800222483968068 0.530677141788253 0.0179993892596955 0.020987654320987707
0 0.1642193430179296 0.2948821548821549 0.015019849059896142 0.0186681631126076
0 0.44508790297954026 0.1160942760942761 0.015591327487676087 0.017717919940142168
0 0.146547136064215 0.3309614665170221 0.01621515508441305 0.01979797979797982
0 0.05235353138768922 0.4065806210250655 0.015556428041704831 0.015697717919940117
0 0.24103084238537717 0.8340927796483352 0.025188675129782272 0.028776655443322273
0 0.7761462286786197 0.6733258511036289 0.01741046110892989 0.02092779648335204
0 0.7358286437202809 0.6930527497194164 0.0179993892596955 0.020987654320987707
0 0.21672555948174324 0.6585933408155631 0.016821532958164284 0.02086793864571638
0 0.05907385595253675 0.272798353909465 0.017947040090738563 0.017957351290684674
0 0.187026130960171 0.6762326973438084 0.02040745103171491 0.02425738870183316
0 0.29022815512803735 0.4534904601571268 0.01493260044496797 0.013617658062102548
0 0.6997927845395454 0.3458174335952114 0.018623216856432426 0.023067714178825274
0 0.16896566767002572 0.8368799102132436 0.01985342232692056 0.026217732884399745
0 0.5275640186712036 0.5826337448559672 0.017030929633992088 0.0329891507669285
0 0.6314073201587924 0.42486344930789377 0.0179993892596955 0.020987654320987707
0 0.8219735636696768 0.028380097268986163 0.01614535619247064 0.01575757575757575
0 0.7495942939405837 0.04934904601571269 0.014950050167953496 0.014627759072203516
0 0.7476988177812677 0.03996258885147775 0.017877241198795867 0.013916947250280576
0 0.6195655018976575 0.038365132809577256 0.013841992758364929 0.01854844743733633
0 0.660993325480958 0.006915450804339699 0.01675173406622164 0.013830901608679398
0 0.7318021201413427 0.34760568649457535 0.015573877764690425 0.016707818930041127
0 0.5805239279326441 0.7839580995136551 0.018570867687475442 0.02003741114852236
0 0.5383479474763339 0.8431986531986532 0.019923221218863137 0.030258136924803555
0 0.8228024255114951 0.7971455293677515 0.013270514330584984 0.01949869060980185
0 0.8243118265497535 0.7097717919940142 0.015643676656633073 0.020748222970445054
0 0.8614121188326136 0.6550804339693229 0.01675173406622164 0.01682753460531234
0 0.9055119312480915 0.7907557052001497 0.014465820355101858 0.020628507295173956
0 0.8905160755573005 0.7569884025439582 0.012022859137111125 0.015338570894126484
0 0.8887514723203769 0.3997156752712308 0.016162805915456033 0.01676767676767679
0 0.854628539021943 0.4011672278338945 0.015591327487676087 0.017717919940142136
0 0.5439013218165162 0.35157875046763937 0.016215155084413017 0.01979797979797982
0 0.49079090869432446 0.3121062476618032 0.01611045674649905 0.013737373737373645
0 0.4729834663874711 0.11779648335203892 0.016162805915456033 0.01676767676767679
0 0.50747720629935 0.0608492330714553 0.01675173406622164 0.016827534605312368
0 0.449110064127732 0.01939019827908717 0.01612790646948471 0.014747474747474749
0 0.09510753391789906 0.0926786382341938 0.01827858482746588 0.03714927048260381
0 0.06842472625747066 0.08883651328095771 0.020494699646643116 0.029307893752338207
0 0.2064520350739432 0.3344519266741489 0.018138987043580655 0.029068462401795787
0 0.2028530297081534 0.3726300037411149 0.016891331850106866 0.02490834268612042
0 0.19028486672774067 0.4535652824541714 0.015678576102604393 0.022768424990647303
0 0.20633424944379009 0.7836737747848859 0.010845002835579978 0.015218855218855158
0 0.22793046285390217 0.8777740366629256 0.013824543035379267 0.017538346427235493
0 0.20656109584260351 0.8386045641601197 0.017497709723858133 0.025978301533857093
0 0.08601622824237665 0.27863075196408527 0.016197705361427357 0.01878787878787881
0 0.01514199712079571 0.7229442573887019 0.013218165161628059 0.01646838757949882
0 0.25741831348427346 0.07265245043022821 0.017672206953714614 0.036079311634867196
0 0.3162107926536666 0.24263000374111485 0.016926231296078256 0.02692854470632244
0 0.44219779261004233 0.5726561915450804 0.01755005889281505 0.02900860456416012
0 0.8565523709811106 0.3238346427235316 0.015019849059896142 0.0186681631126076
0 0.5057867643851154 0.4819977553310887 0.014622867861972678 0.029719416386083046