0 0.6414770459081838 0.38957037037037034 0.0207229984475495 0.04565925925925922
0 0.6465003326679973 0.44266666666666665 0.020159680638722463 0.04660740740740744
0 0.47449988911066754 0.8465555555555555 0.018114881348414266 0.03945185185185187
0 0.11302506098913284 0.581037037037037 0.01796850742958528 0.01850370370370365
0 0.2996362829895764 0.6117407407407408 0.01726325127522731 0.015451851851851871
0 0.7835728542914171 0.38833333333333336 0.017693501885118777 0.04440000000000009
0 0.21930805056553557 0.675 0.025859392326458217 0.022177777777777692
0 0.2235418052783322 0.8519074074074073 0.015191838545132 0.04119259259259252
0 0.8423353293413174 0.49272592592592596 0.02071856287425144 0.028711111111111107
0 0.4890130849412287 0.5052629629629629 0.01927700155245061 0.038555555555555544
0 0.2864848081614549 0.45763333333333334 0.04132180084275886 0.020525925925926003
0 0.5496784209359059 0.5391037037037036 0.01797294300288313 0.03545185185185187
0 0.18678420935905965 0.04275555555555556 0.024098469727212222 0.02302222222222221
0 0.07254158349966733 0.6216666666666667 0.017826569084054108 0.01450370370370365
0 0.6145198491905078 0.49757407407407406 0.017870924817032594 0.04939999999999998
0 0.7265602129075182 0.8693851851851851 0.021849634065203023 0.043762962962963003
0 0.17269461077844311 0.4482814814814815 0.030578842315369226 0.02059259259259261
0 0.7488644932357507 0.3000666666666667 0.018252384120647756 0.02650370370370365
0 0.07316256376136616 0.6718740740740741 0.017755599911288538 0.01250370370370365
0 0.829414504324684 0.399825925925926 0.03677977378576194 0.027111111111111086
0 0.5227722333111555 0.3833037037037037 0.017760035484586358 0.02945185185185187
0 0.6090130849412286 0.6104444444444445 0.022204479929030935 0.053762962962963
0 0.17490796185406962 0.5382481481481481 0.012508316699933481 0.016037037037036954
0 0.5566622310933688 0.43538888888888894 0.02293634952317595 0.023918518518518568
0 0.8972078066090042 0.5205481481481481 0.021073408738079353 0.038711111111111224
0 0.29952095808383233 0.5811370370370371 0.020891550232867546 0.016762962962962775
0 0.7637081392770015 0.5165111111111111 0.02226657795520073 0.021866666666666788
0 0.6716611222000444 0.605337037037037 0.019906852960745226 0.022659259259259216
0 0.614076291860723 0.4423666666666667 0.01864271457085821 0.03750370370370365
0 0.4514570858283434 0.6665148148148148 0.0175116433799069 0.02245185185185187
0 0.25147261033488577 0.11556296296296296 0.02163229097360833 0.02081481481481481
0 0.4599268130405855 0.5378518518518518 0.01916611222000437 0.018607407407407437
0 0.26623641605677534 0.5712333333333334 0.01729873586161013 0.01645185185185187
0 0.7733643823464182 0.5659962962962963 0.020190729651807498 0.030659259259259216
0 0.2031403858948769 0.5381851851851852 0.014939010867154623 0.017244444444444524
0 0.2545863827899756 0.06166666666666667 0.020292747837658033 0.016711111111111107
0 0.8791971612330893 0.4949148148148148 0.018709248170326064 0.022555555555555655
0 0.5753603903304502 0.5939888888888889 0.01793745841650031 0.03445185185185187
0 0.2440385894876913 0.5281851851851852 0.01662896429363491 0.014400000000000092
0 0.2352938567309825 0.6307444444444446 0.016243069416722104 0.020348148148148084
0 0.005469061876247506 0.40692592592592597 0.010938123752495012 0.01150370370370365
0 0.020261698824573075 0.44461111111111107 0.014761587935240635 0.012244444444444525
0 0.21845420270569973 0.09815925925925925 0.014340208471945042 0.017192592592592603
0 0.33606342869815925 0.2537888888888889 0.01793302284320253 0.01750370370370365
0 0.35813927700155246 0.6980555555555555 0.01786205367043689 0.01550370370370365
0 0.7712242182302061 0.9394555555555555 0.028711465956974845 0.018437037037037043
0 0.6118829008649368 0.5464962962962964 0.016917276557995103 0.039348148148148084
0 0.2125837214459969 0.2551333333333333 0.018673763583943244 0.021555555555555543
0 0.7860900421379464 0.32585925925925924 0.015293856730982668 0.027244444444444526
0 0.17223552894211577 0.5881703703703703 0.014304723885562224 0.01619259259259252
0 0.47277445109780436 0.37044814814814814 0.018709248170326064 0.022555555555555544
0 0.8348236859614105 0.5266814814814815 0.018602794411177608 0.019555555555555656
0 0.5994455533377689 0.9647037037037037 0.01980039920159677 0.019659259259259217
0 0.4240851630073187 0.6761814814814815 0.0245553337768906 0.019074074074074132
0 0.6105721889554225 0.5749703703703704 0.026493679308050615 0.02322962962962947
0 0.20374140607673544 0.5297111111111111 0.015431359503215749 0.014296296296296305
0 0.7348636061210911 0.49997037037037034 0.02029718341095568 0.033659259259259215
0 0.931350632069195 0.6839962962962963 0.032237746728764755 0.03369629629629617
0 0.7622111332889777 0.7195037037037036 0.02184519849190524 0.02681481481481478
0 0.36416500332668 0.5536333333333333 0.016243069416722104 0.020348148148148084
0 0.4384275892659126 0.3820185185185185 0.0181459303614993 0.023503703703703648
0 0.5601419383455312 0.9982777777777778 0.020962519405633113 0.0034444444444443434
0 0.24614770459081836 0.2740888888888889 0.015431359503215817 0.014296296296296305
0 0.20468618318917722 0.6215740740740742 0.01786205367043689 0.01550370370370365
0 0.42526058993124866 0.4907148148148148 0.018709248170326064 0.022555555555555544
0 0.7931448214681749 0.28785185185185186 0.03825681969394532 0.01826666666666665
0 0.31584830339321357 0.1040851851851852 0.02054113994233749 0.02371111111111111
0 0.03156353958749169 0.8031851851851852 0.01412730095364826 0.011192592592592518
0 0.17205145265025507 0.4833333333333334 0.017121312929696174 0.011451851851851871
0 0.7550565535595475 0.2609814814814815 0.0239210467952982 0.01802222222222224
0 0.8350277223331116 0.6224925925925926 0.017094699489909194 0.04434814814814808
0 0.7274805943668219 0.7164962962962963 0.02078953204701708 0.030711111111111224
0 0.01903304502106897 0.496162962962963 0.014797072521623418 0.013244444444444526
0 0.38862497227766685 0.8376148148148147 0.01740962519405623 0.03640000000000009
0 0.2662297626968285 0.5968111111111112 0.016806387225548867 0.01940000000000009
0 0.2689532047017077 0.6893296296296296 0.018358837879795937 0.02950370370370365
0 0.2691661122200044 0.547914814814815 0.01666444888001773 0.01540000000000009
0 0.3692548236859614 0.21553703703703703 0.013994233754712837 0.041088888888888904
0 0.17282324240408076 0.5631444444444443 0.014761587935240668 0.012244444444444525
0 0.6054845863827899 0.7014185185185186 0.019272565979152827 0.021607407407407207
0 0.4000199600798403 0.5672703703703704 0.015821689953426477 0.025296296296296306
0 0.285367043690397 0.21830370370370372 0.018602794411177608 0.01955555555555554
0 0.8954912397427367 0.6197037037037036 0.01959192725659792 0.030607407407407437
0 0.41885783987580394 0.6626888888888889 0.01662896429363491 0.014400000000000092
0 0.5929385673098247 0.38637037037037036 0.022195608782435094 0.019866666666666675
0 0.24407407407407405 0.32406296296296294 0.02039920159680635 0.01971111111111111
0 0.28809270348192506 0.09917407407407407 0.023535151918385393 0.023970370370370347
0 0.2735041029053005 0.2563962962962963 0.01567975160789534 0.021296296296296306
0 0.584954535373697 0.5436629629629629 0.018638278997560428 0.020555555555555657
0 0.6931647815480152 0.9472407407407407 0.023570636504768348 0.024970370370370348
0 0.5632601463739187 0.5964518518518519 0.01085828343313366 0.03682962962962961
0 0.2845242847638057 0.47902962962962964 0.027691284098469708 0.023333333333333258
0 0.3279241516966068 0.6016518518518519 0.016770902639166047 0.01840000000000009
0 0.13861166555777335 0.5962925925925927 0.014832557108006203 0.014244444444444525
0 0.37097804391217565 0.49704814814814813 0.01856730982479479 0.018555555555555655
0 0.16631403858948768 0.46728888888888886 0.020292747837658033 0.016711111111111107
0 0.6532468396540253 0.37102962962962965 0.015928143712574797 0.028296296296296305
0 0.7524484364604126 0.3344814814814815 0.020363717010423533 0.01871111111111111
0 0.012654690618762477 0.6420592592592593 0.015994677312042585 0.013348148148148085
0 0.07666666666666666 0.47156296296296296 0.015360390330450216 0.012296296296296305
0 0.7656664448880017 0.9775925925925926 0.02656464848081625 0.0252296296296297
0 0.8953515191838545 0.5474703703703704 0.025894876912841033 0.02317777777777792
0 0.6940363717010423 0.7110925925925926 0.019343535151918462 0.023607407407407435
0 0.68298957640275 0.25223333333333336 0.028290086493679357 0.02338518518518515
0 0.5196562430694167 0.5134333333333334 0.021738744732756787 0.023814814814814782
0 0.6205455755156354 0.28544444444444445 0.018673763583943244 0.021555555555555543
0 0.6546950543357729 0.3556074074074074 0.018673763583943244 0.021555555555555658
0 0.2191173209137281 0.6634481481481482 0.024555333776890665 0.019074074074073907
0 0.24880017742293195 0.09777777777777777 0.018602794411177608 0.01955555555555554
0 0.57325792858727 0.34855555555555556 0.01980039920159677 0.019659259259259217
0 0.15796407185628744 0.6772111111111111 0.014127300953648269 0.011192592592592518
0 0.15789088489687295 0.687737037037037 0.014127300953648269 0.011192592592592518
0 0.07821911732091372 0.46166666666666667 0.015360390330450216 0.012296296296296305
0 0.07712796628964294 0.5262703703703703 0.014797072521623418 0.013244444444444526
0 0.07592814371257485 0.5346925925925926 0.013528498558438672 0.01114074074074074
0 0.042131292969616325 0.530762962962963 0.015360390330450216 0.012296296296296305
0 0.040825016633399866 0.5421851851851852 0.014797072521623418 0.013244444444444526
0 0.018631625637613662 0.3466703703703704 0.014797072521623423 0.013244444444444526
0 0.018611665557773344 0.3556962962962963 0.016522510534486584 0.011399999999999978
0 0.03035928143712575 0.8963666666666666 0.013000665335994676 0.013088888888888959
0 0.030268352184519856 0.9073925925925925 0.01176757595919273 0.011985185185185173
0 0.0045109780439121765 0.8005925925925926 0.009021956087824353 0.013244444444444526
0 0.029130627633621647 0.8125037037037036 0.012295409181636725 0.010037037037036952
0 0.005663118208028389 0.8102481481481482 0.011326236416056778 0.010400000000000091
0 0.37163229097360834 0.4870740740740741 0.014797072521623487 0.013244444444444411
0 0.42169217121312924 0.5320333333333334 0.01659347970725223 0.01340000000000009
0 0.4593524062985141 0.5794296296296296 0.014868041694388988 0.015244444444444526
0 0.5108937680195165 0.6164925925925926 0.015431359503215886 0.014296296296296305
0 0.5614060767354181 0.6825555555555557 0.016628964293635046 0.014400000000000092
0 0.6076469283654912 0.6489444444444444 0.014797072521623487 0.013244444444444526
0 0.6084896872920824 0.6590481481481482 0.01532490574406743 0.011296296296296304
0 0.6645021068973165 0.705525925925926 0.01595919272565983 0.012348148148148084
0 0.6656797516078954 0.7146555555555556 0.018953204701707735 0.012607407407407435
0 0.6709736083388779 0.7432000000000001 0.01532490574406743 0.011296296296296304
0 0.7002683521845199 0.6539555555555555 0.013528498558438688 0.01114074074074074
0 0.7010756265247283 0.6650592592592593 0.01782656908405421 0.01450370370370365
0 0.7287646928365491 0.6549185185185186 0.016593479707251956 0.01340000000000009
0 0.7277400754047461 0.6668666666666667 0.013563983144821507 0.012140740740740738
0 0.7686582390774007 0.6478407407407408 0.019130627633621552 0.017607407407407207
0 0.8296739853626082 0.6887333333333333 0.015431359503215614 0.014296296296296305
0 0.8957684630738524 0.5695740740740741 0.014162785540031086 0.012192592592592519
0 0.8960301618984254 0.5791259259259259 0.015395874916832794 0.013296296296296304
0 0.8736172100243956 0.6183111111111111 0.014690618762475032 0.010244444444444525
0 0.8747593701485916 0.6284407407407407 0.011204258150365728 0.012933333333333394
0 0.8319804834774894 0.2174888888888889 0.01610113107119083 0.01634814814814814
0 0.8401996007984032 0.3074740740740741 0.017862053670436754 0.01550370370370365
0 0.909676203149257 0.2538074074074074 0.018496340652029153 0.016555555555555542
0 0.9086870703038367 0.2647555555555556 0.013071634508760107 0.015088888888888959
0 0.961847416278554 0.23926666666666666 0.02223109336881791 0.020866666666666676
0 0.8692636948325569 0.3601444444444445 0.017862053670436754 0.01550370370370365
0 0.8261964958970948 0.38048888888888893 0.014233754712796724 0.014192592592592519
0 0.8385828343313374 0.4292074074074074 0.025083166999334543 0.017125925925925913
0 0.27928809048569525 0.29651851851851846 0.014198270126413837 0.013192592592592518
0 0.27979596362829895 0.3075962962962963 0.01729873586161013 0.01645185185185187
0 0.3656065646484808 0.2929592592592593 0.015537813262364204 0.017296296296296306
0 0.44877356398314483 0.21740740740740738 0.011803060545575582 0.012985185185185173
0 0.44896429363495227 0.22895925925925928 0.01719228210246181 0.013451851851851871
0 0.5656531381681082 0.13123333333333334 0.01905965846085605 0.015607407407407436
0 0.5658438678199157 0.14278518518518518 0.01726325127522731 0.015451851851851871
0 0.22533377689066308 0.05662592592592593 0.013741406076735461 0.017140740740740738
0 0.15791749833666002 0.04376666666666667 0.012401862940785095 0.013037037037037038
0 0.15747394100687512 0.056266666666666666 0.015395874916832999 0.013296296296296304
0 0.41500776225327124 0.8388962962962963 0.014832557108006168 0.014244444444444525
0 0.4161676646706587 0.8485259259259259 0.01715679751607899 0.01245185185185187
0 0.44261033488578394 0.890437037037037 0.015360390330450249 0.012296296296296305
0 0.44227323131514745 0.8999370370370371 0.017720115324905753 0.01150370370370365
0 0.4754003104901309 0.9735222222222222 0.016628964293635046 0.014400000000000092
0 0.4744644045242848 0.9829703703703704 0.014162785540031086 0.012192592592592519
0 0.5099356841871812 0.9820296296296297 0.01796850742958521 0.01850370370370365
0 0.5611820802838766 0.9343074074074074 0.017405189620758446 0.01945185185185187
0 0.5867819915724107 0.49216296296296297 0.013036149922377562 0.01408888888888896
0 0.5812619206032379 0.5207740740740741 0.015395874916833066 0.013296296296296304
0 0.5566932801064537 0.45144074074074075 0.012401862940785163 0.013037037037037066
0 0.8151097804391217 0.9552925925925927 0.01655799512086941 0.012400000000000092
0 0.7263029496562432 0.9104888888888888 0.016628964293634776 0.014400000000000092