0 0.7527812771199015 0.024747989579793857 0.033952017020800127 0.049495979159587714
0 0.6918535315360713 0.3697191074866916 0.032305926485820764 0.040604825008494716
0 0.336230788611741 0.5246630422471402 0.025458413818202245 0.03703703703703696
0 0.30148372106044063 0.4226412957299807 0.026947733826040668 0.03562124815947447
0 0.5696089135242575 0.33916638350889117 0.029993561210492493 0.03737682636765208
0 0.14548584866045183 0.5572828179861818 0.023571568545113546 0.06286102616377842
0 0.10574172055653537 0.7191074866915845 0.02272612748803225 0.05668818665760571
0 0.25191623974692756 0.6623343527013252 0.026970129615632242 0.037150300147242056
0 0.653867472915092 0.20531770302412503 0.027748383303938945 0.0387359836901121
0 0.765745639819714 0.2992694529391777 0.03392962123120855 0.04836334805753773
0 0.07832927409646986 0.528712198436969 0.030861398057165257 0.045078717861592545
0 0.6400828644214888 0.3216672329822177 0.03003835278967564 0.04043493034318724
0 0.18995548836818676 0.2790236719900328 0.028459449623470794 0.03573451126967939
0 0.6014557263234512 0.12371163212141803 0.028459449623470835 0.035734511269679484
0 0.6105204221606338 0.4842564276815041 0.02694773382604075 0.03562124815947447
0 0.4176758769351362 0.2993827160493827 0.02843705383387926 0.034205459281911814
0 0.44163657232440295 0.23572884811416925 0.027905153831079624 0.049439347604485276
0 0.15899050978416057 0.8724374221316118 0.028840178046527262 0.061728395061728496
0 0.2864673441393018 0.6230886850152905 0.022502169592116716 0.04139766677992987
0 0.377514627250077 0.3092649224147695 0.02474734749867018 0.040038509457469756
0 0.22359116486100614 0.4826990599161853 0.027261274880322452 0.05702797598822065
0 0.6505640939503374 0.5339506172839507 0.026992525405223903 0.03867935213500964
0 0.5068139189832311 0.37365500056631556 0.02852663699224556 0.040321667232982146
0 0.1086251784664483 0.26449767810624075 0.025083284342543626 0.06297428927398352
0 0.35874975504605133 0.636765205572545 0.019299571680524038 0.028938724657379
0 0.7342935528120713 0.15270698833389965 0.029327286470143578 0.04343640276361991
0 0.30528820581730637 0.6010590100804168 0.02419305170627914 0.053743345792275465
0 0.008471207413006355 0.20262770415675616 0.01694241482601271 0.03816966813908705
0 0.4196886985246774 0.3939290972930117 0.029948769631309345 0.034318722392116904
0 0.15682371714117743 0.5564333446596443 0.020548136950253378 0.06263449994336857
0 0.3847288709722573 0.718824328916072 0.029327286470143578 0.04343640276361986
0 0.08023571568545114 0.5789727035904406 0.02801713277903754 0.057084607543323194
0 0.0176198874611573 0.40364140899309103 0.0352397749223146 0.05193113602899548
0 0.41773466588281405 0.2695945180654661 0.02783796646230507 0.04485219164118244
0 0.9208000895831584 0.04861819005549892 0.029349682259735325 0.04496545475138747
0 0.9240390806528372 0.5233888322573338 0.027815570672713667 0.04332313965341477
0 0.27041236247585454 0.5593781855249745 0.03032949805436577 0.06031260618416583
0 0.5908233252148596 0.3856892060255975 0.02165672853503546 0.03522482727375689
0 0.4161641611377061 0.19639823309548082 0.024904118025811203 0.05074187337184284
0 0.7759049298731838 0.404660776984936 0.0292824948909606 0.040378298788084695
0 0.0911676604798298 0.837807226186431 0.02943926541810141 0.051081662702457786
0 0.5043531816018589 0.3096896590780383 0.019433946418073486 0.03811303658398459
0 0.21437809691777948 0.5704496545475138 0.033106575963718785 0.04371956053913243
0 0.396360684191372 0.4659361196058444 0.020878474846728844 0.03363914373088685
0 0.17667478514039361 0.46406727828746175 0.029237703311777365 0.03732019481254953
0 0.9411550628481846 0.12804394608675954 0.029416869628510048 0.0495526107146902
0 0.46915539878502843 0.676605504587156 0.023526776965930394 0.05980292218824325
0 0.31541950113378686 0.14132404575829652 0.021080036953052845 0.047400611620795105
0 0.27409926933736456 0.38498131158681614 0.021080036953052845 0.047400611620795105
0 0.5186668906245626 0.13144183939290974 0.02783796646230507 0.04485219164118244
0 0.1987206405195823 0.11875637104994902 0.027770779093530432 0.04026503567787969
0 0.4860418241370622 0.14228678219503907 0.016634472719128723 0.053177030241250416
0 0.30515663055345593 0.7904632461207385 0.025615184345343094 0.04774040095141005
0 0.4725567593292461 0.263959678332767 0.01801181377900953 0.04411598142484992
0 0.9124352621707119 0.41352361535847776 0.028705803308978158 0.05255408313512299
0 0.33237311385459534 0.2210046437875184 0.026902942246857603 0.032563144183939303
0 0.6282270933064583 0.17745497791369352 0.017390330617843765 0.05323366179635292
0 0.12824948909604994 0.31648544569033865 0.02808432014781222 0.06167176350662595
0 0.30231796422272617 0.21103749008947784 0.02579435066207552 0.05997281685355081
0 0.5465412502449539 0.367623739947899 0.03088379384675681 0.04660776984936004
0 0.6513815402704292 0.16884698153811303 0.023437193807564097 0.05368671423717296
0 0.46176758769351367 0.33044512402310566 0.024013885389546887 0.04151092989013479
0 0.8305254612132918 0.4127874051421452 0.02857142857142871 0.043379771208517486
0 0.2846476862349878 0.07718880960471175 0.03766411914560061 0.045588401857515
0 0.1501861650009798 0.7776361988900216 0.02634864645446656 0.04626798051874501
0 0.1728199098569469 0.5468342960697701 0.019058816942414826 0.06405028882093106
0 0.03748775230256712 0.24997168422244873 0.029282494890960496 0.040378298788084695
0 0.4725931524873323 0.13260278627251104 0.023437193807564097 0.05368671423717296
0 0.46243946138126035 0.49076905651829195 0.01945634220766506 0.03964208857175209
0 0.17512107723747936 0.750566315551025 0.023857114862405864 0.0308075659757617
0 0.6497774418409339 0.09794427454977912 0.026191875927325713 0.03556461660437192
0 0.5629209708574788 0.409162985615585 0.019389154838890338 0.035054932608449337
0 0.09917415525881133 0.3942688866236267 0.02746283698664654 0.07078944387812891
0 0.5831975588589345 0.4939404236040321 0.02394669802077216 0.036923773926832035
0 0.19106967890036672 0.6668931928870767 0.027815570672713494 0.043323139653414944
0 0.5664287114022564 0.14390078151546043 0.024103468547913013 0.047627137841205126
0 0.6384983623078861 0.5844942802129346 0.02548080960779382 0.038566089024804545
0 0.546994764984183 0.49130705629176574 0.020968058005095144 0.039755351681957186
0 0.10859438425575992 0.962509910522143 0.027793174883121965 0.04179408766564753
0 0.22715769435346156 0.18764865783214407 0.030749419109207535 0.037433457922754536
0 0.35923126452226983 0.603890587835542 0.024036281179138287 0.043039981877902374
0 0.43147728227093307 0.5427285083248387 0.018745275888132996 0.04264356099218489
0 0.7818958035889252 0.09873711632121418 0.020968058005095144 0.039755351681957186
0 0.8559250860838161 0.40553856608902483 0.025570392766159772 0.04468229697587488
0 0.3559810755577951 0.43917770981991155 0.02554799697656837 0.0431532449881073
0 0.07668878250888833 0.4860686374447843 0.026970129615632263 0.037150300147242056
0 0.25344475238655134 0.40332993544002715 0.02492651381540269 0.05227092535961043
0 0.2185297164133143 0.6220693170234455 0.0295960359452423 0.06178502661683087
0 0.41462445060328657 0.35306943028655563 0.024769743288261755 0.041567561445237336
0 0.1078721200414322 0.4447842337750595 0.02783796646230507 0.04485219164118235
0 0.206315612664819 0.08993090950277494 0.02394669802077216 0.036923773926832035
0 0.6079057137258196 0.3019311360289953 0.026214271716917287 0.03709366859213951
0 0.3728898966994205 0.5219164118246686 0.027238879090730878 0.055498924000453066
0 0.4754850088183421 0.6310737342847434 0.02463536855071248 0.03239324951863183
0 0.7356540970297584 0.5237569373655001 0.024657764340304054 0.03392230150639942
0 0.08346910780773215 0.6932834975648431 0.02092326642591193 0.03669724770642202
0 0.21802301167380533 0.373145316570393 0.028817782256935685 0.060199343073960826
0 0.13478905965678453 0.6947842337750595 0.019747487472355187 0.059519764412730686
0 0.9421516754850089 0.3692943708234228 0.030794210688390684 0.0404915618982897
0 0.21157022479773802 0.4270868728055272 0.02468016012989563 0.035451353494167004
0 0.18472327202485933 0.7651206252123683 0.017323143249069167 0.04864650583305012
0 0.7824137062232299 0.5530920829085966 0.017300747459477465 0.04711745384528254
0 0.14268917443520618 0.20696001812209763 0.023325214859606397 0.04604145429833508
0 0.08034769463340892 0.15893645939517498 0.026992525405223816 0.03867935213500964
0 0.7157274432406707 0.4924113716162645 0.02405867696872986 0.04456903386566996
0 0.020592928529436467 0.552893872465738 0.02539122644942751 0.032449881073734206
0 0.5323731138545953 0.4328349756484313 0.026925338036449177 0.03409219617170689
0 0.7699168556311413 0.16913013931362555 0.02848184541306241 0.03726356325744706
0 0.47123260826964525 0.586334805753766 0.017009602194787338 0.027239778004303945
0 0.5420256991685564 0.28930229924113715 0.026925338036449177 0.03409219617170689
0 0.2451835055009658 0.21990032846301957 0.02185829064135946 0.04898629516366524
0 0.8281711038324795 0.702401177936346 0.043822961283278644 0.05368671423717292
0 0.6150191763948378 0.20288254615471737 0.021723915903810186 0.039811983237059735
0 0.06076257663559251 0.671310454185072 0.025436018028610625 0.03550798504926938
0 0.6773018672489572 0.6930852871219844 0.027014921194815304 0.04020840412277722
0 0.26326810559614794 0.11926605504587157 0.026169480137734135 0.03403556461660438
0 0.8146104532347918 0.4941669498244422 0.03466308334033219 0.046890927624872694
0 0.5753310377649002 0.15468909276248724 0.026371042244058136 0.0477970325065126
0 0.8735477730186725 0.46531317249971677 0.027126900142773004 0.04785366406161515
0 0.7900394725791551 0.34174311926605505 0.030839002267573832 0.04354966587382496
0 0.8146720416561687 0.026022199569600175 0.03621959071694508 0.050062294710612756
0 0.8280031354105428 0.09528259145996149 0.027658800145572645 0.03261977573904176
0 0.705657736345567 0.3809038396194359 0.024081072758321435 0.04609808585343754
0 0.7054029842389631 0.6818156076565862 0.044511631813219134 0.04915618982897271
0 0.647848604462361 0.358506059576396 0.027614008566389497 0.029561671763506596
0 0.18352229780801207 0.3574017442518972 0.0233700064387895 0.049099558273870164
0 0.7870048430894993 0.23963642541624194 0.02939447383891813 0.04802355872692261
0 0.2753758293440833 0.8133140786045985 0.034019204389574675 0.05447955600860789
0 0.07547381092354637 0.3112753426209084 0.025436018028610625 0.03550798504926946
0 0.2953584726071498 0.3253482840638804 0.024702555919487203 0.03698040548193458
0 0.3809019904258 0.43883792048929665 0.02405867696872986 0.04456903386566996
0 0.37943506620755296 0.3327953335598596 0.023901906441589012 0.03386566995129687
0 0.5977688194619412 0.6074017442518972 0.02548080960779382 0.038566089024804545
0 0.671296996164721 0.4071525654094461 0.021611936955852312 0.032166723298221817
0 0.5154306990285826 0.5585853437535394 0.022300607485792632 0.02763619889002161
0 0.173220234595896 0.23598369011213044 0.026326250664874987 0.044738928530977426
0 0.6962263094538227 0.43201381809944495 0.020878474846728844 0.03363914373088685
0 0.5631029366479102 0.6802582398912674 0.020923266425911996 0.03669724770642202
0 0.43658912124520594 0.5545645033412617 0.02094566221550357 0.0382262996941896
0 0.48112314884801666 0.4007815154604145 0.020878474846728844 0.03363914373088685
0 0.604697516866829 0.2632234681164345 0.02697012961563233 0.037150300147242056
0 0.6936255983875033 0.11986068637444784 0.02468016012989563 0.035451353494166914
0 0.19590996892584192 0.20755464945067395 0.02628145908569184 0.04168082455544226
0 0.8397721228409059 0.4258409785932722 0.025458413818202245 0.03703703703703696
0 0.6646090534979424 0.27095367538792614 0.025413622239019096 0.033978933061501876
0 0.06064779821393578 0.2925302978819798 0.025503205397385285 0.040095141012572215
0 0.16218190980095742 0.654547513874731 0.028526636992245474 0.040321667232982146
0 0.29306010470031635 0.5080416808245554 0.0264158338232412 0.05085513648204794
0 0.5247473474986702 0.541086193226866 0.018034209568601103 0.045645033412617504
0 0.8673217435122197 0.5810963869067846 0.02614708434814256 0.03250651262883693
0 0.9203493743176283 0.6206535281458828 0.029215307522185877 0.03579114282478194
0 0.891106072058453 0.40061162079510704 0.022323003275384206 0.02916525087778902
0 0.8482741244646006 0.23199116547740398 0.022300607485792632 0.027636198890021522
0 0.8390078665210939 0.29759882206365385 0.026858150667674798 0.029505040208404134
0 0.8562498250328937 0.17717182013818097 0.026902942246857603 0.032563144183939303
0 0.8888049046779206 0.0038084720806433286 0.023901906441589012 0.007616944161286657
0 0.8427871560146691 0.0017272624306263397 0.024612972761120903 0.0034545248612526795
0 0.944967946026147 0.022369464265488723 0.021567145376669164 0.029108619322686602
0 0.7053301979227906 0.020698833389964883 0.028661011729794662 0.041397666779929766
0 0.6828392262254696 0.0572828179861819 0.021192015901010545 0.05504587155963303
0 0.7333221354385375 0.09015743572318495 0.023901906441589012 0.03386566995129687
0 0.7316480501665686 0.25600294484086533 0.02543601802861067 0.03550798504926946
0 0.6510959939531368 0.2398912674142032 0.020033033789647506 0.027466304224714053
0 0.5664147140337616 0.5830218597802695 0.023901906441589012 0.03386566995129687
0 0.7077909353041628 0.6992014950730547 0.03592844545225495 0.03018461886963419
0 0.6359032501889644 0.8389964888435836 0.020833683267545696 0.03058103975535168
0 0.8810391646370481 0.7786272511043153 0.030704627530024387 0.03437535394721945
0 0.9569188992469415 0.7271208517385888 0.024657764340304054 0.03392230150639942
0 0.7389630749419109 0.34938837920489296 0.025525601186976797 0.0416241930003398
0 0.32516166960611403 0.9195548759768943 0.02479213907785333 0.04309661343300492
0 0.33309257859522406 0.35230490429267186 0.02472495170907869 0.03850945746970217
0 0.3518266565885613 0.10423037716615696 0.02937207804932673 0.046494506739155034
0 0.4099773242630385 0.05176124136368784 0.01856610957140057 0.030411145090044167
0 0.3913552252176591 0.08599501642315098 0.015520282186948831 0.028655566881866587
0 0.5754150219758686 0.01015120625212368 0.041532991797542114 0.02030241250424736
0 0.6260015117157974 0.0974345905538566 0.024081072758321435 0.04609808585343754
0 0.2956216231348507 0.4620285423037716 0.026303854875283413 0.04320987654321002
0 0.0631225329638028 0.9483520217465171 0.022323003275384227 0.029165250877788845
0 0.053190000279947365 0.8017046098085853 0.021326390638559952 0.06422018348623854
0 0.03634836650709666 0.7143787518405256 0.02417065591668767 0.05221429380450788
0 0.03822681335908849 0.19951296862611845 0.023056465384507716 0.027692830445123984
0 0.3316480501665687 0.2447332653754672 0.03661711598219536 0.025654094461433987
0 0.23900786652109404 0.2806943028655567 0.02539122644942752 0.032449881073734296
0 0.5158198258727359 0.24849926378978368 0.020189804316788528 0.03816966813908705