0 0.8644655168464692 0.1964243146603099 0.02196110767539329 0.06348827969805322
0 0.08836436931675028 0.2943583631307112 0.022597860693098774 0.06475963448549858
0 0.7707001992716278 0.6147000397298371 0.032744680363727886 0.042272546682558636
0 0.3233697519411805 0.5651172030194677 0.03025263977644933 0.040762812872467274
0 0.7453285691380929 0.5186332936034962 0.02196110767539329 0.06348827969805322
0 0.5495613733708972 0.28506158124751685 0.0315078219840125 0.04211362733412791
0 0.5233193614145994 0.4864918553833929 0.024471472090519638 0.06618990862137461
0 0.8771799628942487 0.35299960270162895 0.023252937538652048 0.06722288438617399
0 0.8442428823381204 0.4077870480731029 0.023252937538651767 0.06722288438617399
0 0.8102613435946768 0.2896305125148987 0.025818273437321074 0.0735001986491855
0 0.06110767539338968 0.7023043305522447 0.021397649969078537 0.06698450536352807
0 0.8312444169587027 0.34998013508144615 0.02134267848553553 0.06340882002383795
0 0.9054169816074579 0.36305125148986894 0.021979431503241224 0.06468017481128326
0 0.044925444925444924 0.5705601907032182 0.021251059346297445 0.057449344457687776
0 0.8296731487207679 0.4923321414382201 0.032744680363727886 0.042272546682558636
0 0.20569183902517235 0.2905840286054827 0.022634508348794005 0.06714342471195872
0 0.18484848484848485 0.3616607071911005 0.021997755331088664 0.06587206992451329
0 0.5090267756934423 0.7738180373460469 0.02196110767539329 0.06348827969805322
0 0.8162601067362972 0.8027413587604291 0.030270963604296843 0.041954707985697316
0 0.8443322109988777 0.6629320619785459 0.023234613710804115 0.0660309892729441
0 0.4987974987974988 0.5158124751688518 0.025126548936072704 0.06865315852204995
0 0.4520098948670377 0.487922129519269 0.02256121303740354 0.06237584425903845
0 0.9658168991502324 0.3285260230433055 0.02134267848553553 0.06340882002383795
0 0.604596990311276 0.31843464441795793 0.02196110767539343 0.06348827969805322
0 0.20180947799995422 0.12157330154946365 0.021942783847545777 0.062296384584823186
0 0.552248104629057 0.7325784664282876 0.023853042900661876 0.06611044894715935
0 0.9753361277170801 0.19110051648788237 0.021979431503241224 0.06468017481128326
0 0.12236881284500332 0.7723480333730631 0.025818273437321074 0.07350019864918562
0 0.9336127717080098 0.6568136670639649 0.027050550860074754 0.033214143822010475
0 0.9340639959687578 0.7679777512912196 0.020724249295677767 0.06332936034962242
0 0.17848553562839276 0.17334127930075488 0.01874069493117106 0.05474771553436631
0 0.1710575139146568 0.7167262614223281 0.021287707001992714 0.059833134684147575
0 0.43026180169037315 0.6780691299165674 0.029670858242286734 0.043067143424711817
0 0.22979912503722028 0.6294795391338895 0.019995877138734235 0.05609852999602694
0 0.2258297258297258 0.10480731029002782 0.02388969055635718 0.0684942391736194
0 0.169328202661536 0.01783869686134287 0.023743099933576105 0.03567739372268574
0 0.1495957305481115 0.3061183949145808 0.023908014384204868 0.06968613428684946
0 0.39453949930140403 0.11108462455303932 0.02003252479442954 0.05848232022248708
0 0.9001992716278431 0.5017083829956297 0.03714698000412282 0.04759634485498603
0 0.28997686616734236 0.14771553436630908 0.025744978125930466 0.06873261819626539
0 0.5474839093886713 0.23953118792212952 0.039675668247096826 0.05148986889153753
0 0.9260312879360498 0.14628526023043306 0.023252937538651767 0.06722288438617402
0 0.09087244325339563 0.07099721891140245 0.023834719072814297 0.06491855383392928
0 0.8216427311665406 0.09129916567342074 0.023816395244966572 0.06372665872069921
0 0.34172106553058934 0.0940802542709575 0.01943241943241943 0.05959475566150179
0 0.2526970384113241 0.3243941199841081 0.03343640486497625 0.047119586809694046
0 0.04939187796330654 0.4807707588398888 0.04263954740145217 0.043543901470003935
0 0.1057811676859296 0.6870480731029004 0.023234613710804188 0.0660309892729441
0 0.43632011727249825 0.18363130711164083 0.030834421310611787 0.03845848232022247
0 0.12917840536888156 0.3093365117203019 0.020069172450124843 0.06086611044894709
0 0.7356833642547927 0.08212157330154947 0.028360704551180883 0.03814064362336114
0 0.7689983737602785 0.1432657926102503 0.02448979591836729 0.06738180373460469
0 0.6787832978309168 0.2904648390941597 0.02578162578162577 0.07111640842272542
0 0.7365835222978081 0.3246722288438617 0.020724249295677767 0.0633293603496227
0 0.5282713758904235 0.36511720301946765 0.03463661558899647 0.04489471593166477
0 0.1839002267573696 0.6240762812872466 0.023216289882956535 0.06483909415971405
0 0.07756705375752995 0.7156535558204212 0.0245630912297579 0.0721493841875248
0 0.9527840765936004 0.4937624155740961 0.021324354657688158 0.06221692491060792
0 0.14631347488490345 0.5396901072705602 0.03336310955358572 0.0423520063567739
0 0.6168052406147644 0.7688915375446961 0.021324354657688015 0.06221692491060792
0 0.3737511166082595 0.25887961859356373 0.0225612130374034 0.06237584425903858
0 0.7369385464623559 0.7231227651966627 0.023853042900661876 0.06611044894715935
0 0.39851576994434135 0.334207389749702 0.02256121303740354 0.06237584425903845
0 0.9247669438145628 0.710290027810886 0.020632630156439787 0.05736988478347224
0 0.4390274628369866 0.6097338100913786 0.032107927346022615 0.041001191895113205
0 0.8758148377195996 0.7629717918156536 0.021979431503241224 0.06468017481128326
0 0.6440344487963536 0.3627334127930075 0.020687601639982463 0.060945570123162485
0 0.2269520602853936 0.3931267381803735 0.0321628988295655 0.04457687723480345
0 0.5755995327423898 0.5987286452125546 0.027760599189170634 0.03925307906237578
0 0.5835635264206693 0.46209773539928484 0.032107927346022476 0.041001191895113205
0 0.14054375959137863 0.4934445768772348 0.03767379005474243 0.041716328963051254
0 0.7312215121738931 0.21176003178386968 0.02134267848553553 0.0634088200238379
0 0.7725394534918344 0.5151370679380215 0.024599738885452922 0.07453317441398487
0 0.11713048855906 0.29006754072308305 0.021942783847545742 0.062296384584823186
0 0.5803179184131565 0.3721096543504172 0.023816395244966714 0.06372665872069928
0 0.4140406330882521 0.2477552642034168 0.03154446963970767 0.044497417560588046
0 0.49053574291669527 0.23019467620182757 0.032744680363728025 0.042272546682558636
0 0.7944822373393803 0.05137067938021454 0.023179642227261443 0.06245530393325387
0 0.581655557846034 0.766865315852205 0.021415973796926138 0.0681764004767581
0 0.6673858769096864 0.389471593166468 0.02963421058659171 0.04068335319825188
0 0.03024347786252548 0.6021851410409218 0.020032524794429556 0.05848232022248701
0 0.46686822877299067 0.5050456893126738 0.02065095398428744 0.058561779896702415
0 0.2727570489475251 0.10353595550258243 0.02388969055635718 0.0684942391736194
0 0.39327973613687905 0.6346444179578864 0.03023431594860154 0.03957091775923724
0 0.14556448842163128 0.016289233214143824 0.02055933484504911 0.03257846642828765
0 0.6166678119059071 0.21577274533174415 0.030270963604296843 0.04195470798569725
0 0.8754025515930278 0.8700834326579261 0.028924162257495407 0.0346444179578863
0 0.21570352046542524 0.5426698450536352 0.01750383655145561 0.05458879618593558
0 0.27802514945372087 0.5638061183949146 0.020266153599486962 0.03353198251887166
0 0.8676286676286677 0.532657926102503 0.02963421058659171 0.04068335319825201
0 0.043141162188781244 0.7468414779499404 0.03278132801942326 0.04465633690901871
0 0.5808309855928904 0.2584425903853794 0.030889392794154744 0.04203416765991257
0 0.04728692823930919 0.19614620580055622 0.020742573123525506 0.06452125546285259
0 0.8511234796949082 0.7631704410011918 0.021997755331088595 0.06587206992451357
0 0.8621933621933621 0.2639253079062376 0.030270963604296843 0.041954707985697316
0 0.24686318972033258 0.5232022248708781 0.03339975720928095 0.04473579658323397
0 0.10536430060239585 0.754310687326182 0.021924460019698125 0.06110448947159315
0 0.8132641608832085 0.19467620182757253 0.026468769325912297 0.03551847437425508
0 0.725525092191759 0.6425109257052045 0.021324354657688158 0.06221692491060765
0 0.2858150667674477 0.3582042113627334 0.032744680363728025 0.042272546682558636
0 0.01752445085778419 0.8072308303535956 0.03270803270803271 0.039888756456098566
0 0.009784924070638357 0.6482320222487088 0.019414095604571795 0.058402860548271755
0 0.4641379784236927 0.28116805721096544 0.02712384617146522 0.03798172427493048
0 0.8010513296227583 0.5073102900278109 0.020687601639982463 0.060945570123162485
0 0.20676149247577819 0.8031386571315057 0.01864907579193294 0.048788239968216206
0 0.35775212441879106 0.2758045292014303 0.021287707001992714 0.05983313468414778
0 0.6939187796330654 0.5906634882796981 0.02065095398428716 0.058561779896702415
0 0.3324950182093039 0.2927294398092968 0.02134267848553553 0.0634088200238379
0 0.03973063973063973 0.34640444974175605 0.01935912412102889 0.054827175208581644
0 0.8247944295563343 0.6089392133492253 0.02316131839941351 0.06126340882002394
0 0.2608832085022561 0.23353198251887167 0.030889392794154674 0.04203416765991257
0 0.17311436359055407 0.46249503377036155 0.029615886758743916 0.039491458085021844
0 0.42544721592340645 0.5496225665474771 0.02630843583224527 0.06523639253079064
0 0.8301495682448062 0.8628128724672228 0.030889392794154605 0.04203416765991257
0 0.09104193866098628 0.18041319030591976 0.021979431503241012 0.06468017481128326
0 0.7155592203211251 0.3071513706793802 0.021214411690602245 0.055065554231227706
0 0.7588607160035732 0.6822407628128725 0.026345083487940575 0.06762018275725071
0 0.2735610068943402 0.47278506158124745 0.02210311734121259 0.03257846642828755
0 0.1608122036693465 0.6002781088597536 0.03472823472823473 0.05085419149781495
0 0.05414691128976843 0.41235597934048474 0.04338624338624339 0.05196662693682945
0 0.046904418332989764 0.522129519268971 0.03458164410545363 0.041319030591974525
0 0.9391740534597679 0.6162495033770361 0.027687303877779883 0.034485498609455774
0 0.24661123708742755 0.6600317838696861 0.017302274445131577 0.04147794994040519
0 0.8869855012712156 0.8192292411601113 0.019377447948876334 0.05601907032181168
0 0.3740855264664788 0.5181565355582042 0.030889392794154605 0.04203416765991257
0 0.6417279369660324 0.4123957091775924 0.03334478572573828 0.041160111243543865
0 0.1234155615107996 0.04183551847437426 0.01750383655145561 0.05458879618593564
0 0.9025561739847454 0.08744537147397696 0.021379326141230833 0.06579261025029796
0 0.7064843445795825 0.53611442193087 0.019995877138734096 0.05609852999602694
0 0.3861746718889576 0.41430274135876044 0.035965093107950256 0.05101311084624548
0 0.625367049176573 0.6535955502582439 0.02772395153347547 0.036869288835915844
0 0.7710666758285806 0.8317441398490265 0.032089603518174824 0.0398092967818833
0 0.4785427975904166 0.36793802145411203 0.028379028379028396 0.03933253873659118
0 0.290753338372386 0.5187524831148193 0.020504363361506225 0.04902661899086213
0 0.7975468975468974 0.3739372268573699 0.02965253441443908 0.041875248311481914
0 0.8199775533108866 0.7415971394517283 0.025868663963901906 0.03663090981326951
0 0.911120273025035 0.43369090186730236 0.019359124121028963 0.054827175208581644
0 0.776911976911977 0.45152959872864523 0.028997457568886015 0.03941199841080644
0 0.5346457775029203 0.5326181962653953 0.01934080029318131 0.05363528009535161
0 0.3082617558808035 0.664600715137068 0.028360704551180744 0.03814064362336114
0 0.80571016285302 0.5655939610647596 0.03034425891568745 0.046722288438617456
0 0.4788313978790169 0.7104886769964244 0.03525504477885424 0.04497417560588003
0 0.14473304473304474 0.20087405641636868 0.025268558601891936 0.03774334525228449
0 0.32323003275384227 0.43369090186730236 0.02772395153347533 0.036869288835915844
0 0.1841796651320461 0.8066348827969805 0.01661054994388328 0.03663090981326978
0 0.14501706406468312 0.6641636869288836 0.021906136191850476 0.05991259435836311
0 0.2803568565473327 0.773460468812078 0.02710552234361757 0.03678982916170058
0 0.46087862754529424 0.7942789034564958 0.02397672873863346 0.03400874056416365
0 0.20044206234682427 0.23059197457290426 0.03336310955358579 0.04235200635677397
0 0.8458164410545363 0.08462455303933254 0.020032524794429397 0.05848232022248708
0 0.9443986348748253 0.5775129121970599 0.031434526672621754 0.0373460468812077
0 0.6667376714995762 0.5721493841875248 0.024599738885453203 0.07453317441398487
0 0.5850202707345564 0.5279300754866905 0.029615886758743916 0.039491458085021844
0 0.7089145422478755 0.8397298371076678 0.028379028379028254 0.03933253873659118
0 0.9293891293891293 0.20889948351211762 0.02894248608534334 0.035836313071116406
0 0.7601181886896172 0.25919745729042515 0.038919810348381816 0.12276519666269368
0 0.3945646945646946 0.20981326976559395 0.02579536865251158 0.03186332936034964
0 0.2782450353878925 0.7100913786253477 0.020229505943791658 0.031148192292411458
0 0.46668499049451434 0.8381406436233612 0.022813165670308545 0.03861740166865327
0 0.4223161318399413 0.3317441398490267 0.025868663963902045 0.03663090981326978
0 0.6584965299251013 0.2651172030194676 0.01624865434389222 0.05323798172427489
0 0.6405277262420119 0.5707588398887564 0.020614306328592135 0.056177989670242345
0 0.6574681050871527 0.7535558204211363 0.017829084495751008 0.035597934048470545