0 0.7194934765924789 0.7380239520958084 0.023791250959324637 0.014970059880239521
0 0.8775901765157329 0.30489021956087825 0.0283960092095165 0.018962075848303395
0 0.8775901765157329 0.8617764471057884 0.02686108979278588 0.018962075848303395
0 0.6105141980046047 0.03792415169660679 0.02532617037605526 0.013972055888223553
0 0.6108979278587874 0.0748502994011976 0.024558710667689946 0.013972055888223553
0 0.5199539524174981 0.6282435129740519 0.02532617037605526 0.016966067864271458
0 0.36347659247889486 0.2666367265469062 0.02532617037605526 0.015968063872255488
0 0.5633154259401382 0.05588822355289421 0.026093630084420567 0.015968063872255488
0 0.3207981580966999 0.01996007984031936 0.024558710667689946 0.015968063872255488
0 0.7102839600920952 0.1472055888223553 0.023791250959324637 0.014970059880239521
0 0.27935533384497313 0.1591816367265469 0.023023791250959325 0.014970059880239521
0 0.7931696085955487 0.8268463073852296 0.02686108979278588 0.018962075848303395
0 0.3180813507290867 0.055039920159680636 0.02834228702993093 0.02624750499001996
0 0.8933231005372217 0.5578842315369261 0.026093630084420567 0.017964071856287425
0 0.6830391404451266 0.006487025948103792 0.02916346891788181 0.012974051896207584
0 0.6201074443591711 0.6287425149700598 0.026093630084420567 0.013972055888223553
0 0.6243284727551803 0.4251497005988024 0.02532617037605526 0.015968063872255488
0 0.718342287029931 0.7005988023952096 0.024558710667689946 0.015968063872255488
0 0.35418265541059096 0.44560878243512975 0.02532617037605526 0.018962075848303395
0 0.614735226400614 0.780938123752495 0.024558710667689946 0.014970059880239521
0 0.5576592478894858 0.008812375249500999 0.023983115886415964 0.01562874251497006
0 0.5732924021488872 0.5573852295409182 0.026093630084420567 0.016966067864271458
0 0.8553338449731389 0.2719560878243513 0.02532617037605526 0.018962075848303395
0 0.7851112816577129 0.23502994011976047 0.026093630084420567 0.018962075848303395
0 0.6201074443591711 0.5179640718562875 0.026093630084420567 0.013972055888223553
0 0.351880276285495 0.6102794411177644 0.023791250959324637 0.014970059880239521
0 0.7501918649270913 0.10129740518962076 0.023791250959324637 0.012974051896207584
0 0.17958557175748274 0.1626746506986028 0.02762854950115119 0.015968063872255488
0 0.5729086722947045 0.6467065868263473 0.02686108979278588 0.017964071856287425
0 0.4727551803530315 0.27095808383233533 0.024558710667689946 0.016966067864271458
0 0.22985418265541058 0.1412175648702595 0.023791250959324637 0.014970059880239521
0 0.4136607828089025 0.501996007984032 0.026093630084420567 0.015968063872255488
0 0.7087490406753646 0.11027944111776447 0.022256331542594012 0.014970059880239521
0 0.39639293937068304 0.3717564870259481 0.023791250959324637 0.014970059880239521
0 0.7609363008442057 0.7774451097804391 0.02532617037605526 0.015968063872255488
0 0.8192632386799693 0.6811377245508982 0.02532617037605526 0.018962075848303395
0 0.3917881811204912 0.20658682634730538 0.02532617037605526 0.015968063872255488
0 0.782808902532617 0.5449101796407185 0.024558710667689946 0.017964071856287425
0 0.875287797390637 0.48852295409181634 0.02686108979278588 0.016966067864271458
0 0.23292402148887184 0.25149700598802394 0.02532617037605526 0.015968063872255488
0 0.5606293169608596 0.10079840319361277 0.022256331542594012 0.013972055888223553
0 0.7670759785111282 0.14920159680638723 0.023791250959324637 0.012974051896207584
0 0.6128396009209516 0.7283233532934131 0.024558710667689946 0.011976047904191617
0 0.9155794320798158 0.04940119760479042 0.023023791250959325 0.016966067864271458
0 0.7770069071373753 0.7394311377245508 0.026776669224865695 0.019770459081836327
0 0.5069071373752878 0.0374251497005988 0.023791250959324637 0.012974051896207584
0 0.760552570990023 0.6906187624750499 0.026093630084420567 0.013972055888223553
0 0.6757482732156562 0.6606786427145709 0.023791250959324637 0.013972055888223553
0 0.4328472755180353 0.18363273453093812 0.026093630084420567 0.015968063872255488
0 0.7501918649270913 0.18912175648702595 0.022256331542594012 0.014970059880239521
0 0.23100537221795855 0.21007984031936128 0.026093630084420567 0.018962075848303395
0 0.6910974673829624 0.5948103792415169 0.0283960092095165 0.015968063872255488
0 0.6093630084420568 0.18163672654690619 0.026093630084420567 0.013972055888223553
0 0.6073829623944743 0.0078043912175648706 0.02514198004604758 0.013333333333333332
0 0.7701458173445894 0.4875249500998004 0.02532617037605526 0.014970059880239521
0 0.5106983883346125 0.009191616766467067 0.025241749808135074 0.016706586826347306
0 0.7824251726784344 0.2619760479041916 0.02532617037605526 0.012974051896207584
0 0.7508902532617038 0.06260479041916167 0.02072141212586339 0.013972055888223553
0 0.43054489639293936 0.6062874251497006 0.013814274750575594 0.010978043912175649
0 0.7521105141980046 0.22954091816367264 0.021488871834228703 0.013972055888223553
0 0.6197237145049885 0.6661676646706587 0.02686108979278588 0.014970059880239521
0 0.9163468917881811 0.5783433133732535 0.024558710667689946 0.014970059880239521
0 0.8181120491174213 0.5179640718562875 0.026093630084420567 0.017964071856287425
0 0.31350729086722945 0.5994211576846308 0.023791250959324637 0.01720558882235529
0 0.7501918649270913 0.10828343313373254 0.023791250959324637 0.012974051896207584
0 0.4927091327705295 0.17914171656686625 0.024558710667689946 0.014970059880239521
0 0.5920951650038373 0.0998003992015968 0.02072141212586339 0.011976047904191617
0 0.764006139677667 0.810379241516966 0.0283960092095165 0.013972055888223553
0 0.38756715272448194 0.17065868263473055 0.01688411358403684 0.011976047904191617
0 0.8933231005372217 0.8962075848303394 0.02762854950115119 0.01996007984031936
0 0.37452033768227166 0.4935129740518962 0.023023791250959325 0.014970059880239521
0 0.922102839600921 0.0054890219560878245 0.017651573292402148 0.010978043912175649
0 0.9370683039140445 0.48552894211576847 0.026093630084420567 0.018962075848303395
0 0.9528012279355333 0.5733532934131736 0.02532617037605526 0.014970059880239521
0 0.5633154259401382 0.13522954091816367 0.026093630084420567 0.014970059880239521
0 0.3027628549501151 0.0054890219560878245 0.02532617037605526 0.010978043912175649
0 0.5019186492709132 0.7574850299401198 0.023023791250959325 0.011976047904191617
0 0.5395241749808135 0.47704590818363274 0.024558710667689946 0.013972055888223553
0 0.23177283192632386 0.16766467065868262 0.024558710667689946 0.015968063872255488
0 0.3990790483499616 0.7020958083832335 0.021488871834228703 0.012974051896207584
0 0.7148887183422871 0.6656686626746507 0.02532617037605526 0.013972055888223553
0 0.5629316960859555 0.27045908183632733 0.023791250959324637 0.013972055888223553
0 0.3501841903300077 0.2374750499001996 0.023468917881811203 0.012085828343313372
0 0.49194167306216424 0.07584830339321358 0.023023791250959325 0.011976047904191617
0 0.4201841903300077 0.2215568862275449 0.022256331542594012 0.013972055888223553
0 0.4915579432079816 0.06736526946107785 0.023791250959324637 0.012974051896207584
0 0.22908672294704527 0.046906187624750496 0.022256331542594012 0.015968063872255488
0 0.5833537989255564 0.2153992015968064 0.026254796623177284 0.015638722554890218
0 0.4731389102072141 0.44510978043912175 0.02072141212586339 0.015968063872255488
0 0.43054489639293936 0.41966067864271456 0.026093630084420567 0.014970059880239521
0 0.5149654643131235 0.4441117764471058 0.023023791250959325 0.013972055888223553
0 0.8779739063699156 0.04640718562874251 0.023023791250959325 0.016966067864271458
0 0.19301611665387566 0.11826347305389222 0.023791250959324637 0.036926147704590816
0 0.9620107444359172 0.3522954091816367 0.03300076745970836 0.021956087824351298
0 0.622056792018419 0.5914870259481038 0.026093630084420567 0.011976047904191617
0 0.3353798925556408 0.4535928143712575 0.01841903300076746 0.014970059880239521
0 0.7893323100537222 0.4630738522954092 0.023791250959324637 0.015968063872255488
0 0.49542594013814273 0.12466067864271457 0.02118188795088258 0.009870259481037924
0 0.22831926323867996 0.30988023952095806 0.023791250959324637 0.016966067864271458
0 0.35648503453568686 0.344810379241517 0.023791250959324637 0.014970059880239521
0 0.398695318495779 0.41367265469061876 0.023791250959324637 0.016966067864271458
0 0.5079278587874136 0.706187624750499 0.022256331542594012 0.011976047904191617
0 0.7502993092862624 0.052584830339321355 0.019953952417498082 0.012974051896207584
0 0.704911742133538 0.07584830339321358 0.02072141212586339 0.011976047904191617
0 0.4972294704528012 0.11446107784431138 0.023023791250959325 0.011976047904191617
0 0.6960859554873369 0.18063872255489022 0.021488871834228703 0.011976047904191617
0 0.7824251726784344 0.2969061876247505 0.02686108979278588 0.016966067864271458
0 0.7663085188027629 0.15718562874251496 0.02072141212586339 0.014970059880239521
0 0.168296239447429 0.3575948103792415 0.02686108979278588 0.015968063872255488
0 0.603607060629317 0.6951097804391217 0.02072141212586339 0.012974051896207584
0 0.3733691481197237 0.12225548902195608 0.022256331542594012 0.014970059880239521
0 0.8092862624712203 0.08932135728542914 0.022256331542594012 0.016966067864271458
0 0.444359171143515 0.36427145708582837 0.023023791250959325 0.013972055888223553
0 0.6055257099002302 0.37674650698602796 0.023023791250959325 0.012974051896207584
0 0.1446661550268611 0.17015968063872255 0.031465848042977744 0.020958083832335328
0 0.3029240214888718 0.6717964071856287 0.021488871834228703 0.011976047904191617
0 0.3906369915579432 0.15818363273453093 0.023023791250959325 0.012974051896207584
0 0.6807367613200307 0.35429141716566864 0.021488871834228703 0.013972055888223553
0 0.8722179585571758 0.06536926147704591 0.014581734458940905 0.020958083832335328
0 0.4758250191864927 0.4810379241516966 0.026093630084420567 0.017964071856287425
0 0.8138910207214122 0.5479041916167665 0.022256331542594012 0.013972055888223553
0 0.4079048349961627 0.29141716566866266 0.02532617037605526 0.015968063872255488
0 0.8307751343054489 0.12724550898203593 0.023791250959324637 0.016966067864271458
0 0.6132003069838834 0.28892215568862273 0.024558710667689946 0.012974051896207584
0 0.8303914044512664 0.24301397205588823 0.023023791250959325 0.014970059880239521
0 0.8300076745970837 0.27944111776447106 0.022256331542594012 0.015968063872255488
0 0.10629316960859554 0.7020958083832335 0.04834996162701458 0.022954091816367265
0 0.9070836531082118 0.3372455089820359 0.023023791250959325 0.013972055888223553
0 0.5811972371450499 0.823253493013972 0.02348426707597851 0.015768463073852296
0 0.40905602455871065 0.6776447105788423 0.019953952417498082 0.00998003992015968
0 0.781657712970069 0.27045908183632733 0.022256331542594012 0.013972055888223553
0 0.7555640828856485 0.218562874251497 0.02532617037605526 0.013972055888223553
0 0.4648503453568688 0.12989021956087826 0.024781273983115887 0.012275449101796407
0 0.6174213353798925 0.7574850299401198 0.023791250959324637 0.013972055888223553
0 0.9574059861857253 0.6501996007984032 0.023791250959324637 0.016966067864271458
0 0.6349577897160399 0.038772455089820364 0.019953952417498082 0.010978043912175649
0 0.30084420567920184 0.2714570858283433 0.019953952417498082 0.013972055888223553
0 0.59247889485802 0.40119760479041916 0.024558710667689946 0.013972055888223553
0 0.3499616270145817 0.39471057884231536 0.01841903300076746 0.014970059880239521
0 0.4278587874136608 0.4431137724550898 0.02072141212586339 0.015968063872255488
0 0.7617037605525709 0.8193612774451098 0.023791250959324637 0.011976047904191617
0 0.6032233307751343 0.13622754491017963 0.026093630084420567 0.012974051896207584
0 0.8309900230237912 0.4997604790419162 0.01918649270913277 0.011976047904191617
0 0.7590176515732924 0.6606786427145709 0.021488871834228703 0.013972055888223553
0 0.26477359938603223 0.1407185628742515 0.019953952417498082 0.015968063872255488
0 0.7747505755947812 0.043912175648702596 0.023791250959324637 0.015968063872255488
0 0.6669608595548734 0.07379241516966067 0.01918649270913277 0.012974051896207584
0 0.7064466615502686 0.7844311377245509 0.02532617037605526 0.013972055888223553
0 0.4478127398311589 0.624750499001996 0.016116653875671526 0.00998003992015968
0 0.7920184190330007 0.8882235528942116 0.024558710667689946 0.013972055888223553
0 0.5713737528779739 0.7265469061876247 0.02532617037605526 0.015968063872255488
0 0.6903300076745971 0.903692614770459 0.023791250959324637 0.014970059880239521
0 0.2452033768227168 0.2719560878243513 0.02072141212586339 0.014970059880239521
0 0.4100153491941673 0.6418163672654691 0.023415195702225635 0.018163672654690616
0 0.6864927091327705 0.625748502994012 0.02532617037605526 0.013972055888223553
0 0.5560245587106677 0.10728542914171657 0.017651573292402148 0.010978043912175649
0 0.473031465848043 0.7105888223552894 0.021488871834228703 0.00998003992015968
0 0.5260936300844206 0.5124750499001997 0.023791250959324637 0.012974051896207584
0 0.7052954719877207 0.7704590818363274 0.023023791250959325 0.013972055888223553
0 0.7179585571757483 0.7495009980039921 0.02072141212586339 0.00998003992015968
0 0.3365310821181888 0.42664670658682635 0.02072141212586339 0.014970059880239521
0 0.8300076745970837 0.313872255489022 0.023791250959324637 0.016966067864271458
0 0.6262471220260937 0.562375249500998 0.02762854950115119 0.012974051896207584
0 0.14389869531849578 0.2055888223552894 0.03300076745970836 0.023952095808383235
0 0.47390636991557944 0.41417165668662675 0.02072141212586339 0.011976047904191617
0 0.8315425940138143 0.5339321357285429 0.02072141212586339 0.015968063872255488
0 0.7912509593246354 0.8617764471057884 0.024558710667689946 0.012974051896207584
0 0.6564543361473523 0.2454690618762475 0.021488871834228703 0.00998003992015968
0 0.6706753645433615 0.7280738522954091 0.02165771297006907 0.013033932135728543
0 0.520153491941673 0.581816367265469 0.02572524942440522 0.025908183632734533
0 0.783960092095165 0.6347305389221557 0.022256331542594012 0.013972055888223553
0 0.570222563315426 0.5818363273453094 0.023023791250959325 0.013972055888223553
0 0.5049884881043745 0.7285429141716567 0.015349194167306216 0.015968063872255488
0 0.4113584036838066 0.5543912175648703 0.024558710667689946 0.012974051896207584
0 0.35418265541059096 0.7090818363273453 0.022256331542594012 0.008982035928143712
0 0.624712202609363 0.5479041916167665 0.024558710667689946 0.011976047904191617
0 0.9389869531849578 0.6315169660678642 0.021665387567152725 0.0205688622754491
0 0.9113584036838066 0.0658682634730539 0.02686108979278588 0.017964071856287425
0 0.6742133537989256 0.6971057884231537 0.01918649270913277 0.012974051896207584
0 0.7597851112816577 0.7869261477045908 0.023023791250959325 0.012974051896207584
0 0.7079815809669993 0.15818363273453093 0.022256331542594012 0.010978043912175649
0 0.4003453568687644 0.7358882235528942 0.023023791250959325 0.00998003992015968
0 0.46162701458173444 0.11676646706586827 0.02072141212586339 0.00998003992015968
0 0.5015349194167307 0.659181636726547 0.02072141212586339 0.010978043912175649
0 0.40483499616270147 0.05039920159680639 0.02072141212586339 0.014970059880239521
0 0.49194167306216424 0.17165668662674652 0.024558710667689946 0.011976047904191617
0 0.19455103607060628 0.29241516966067865 0.02686108979278588 0.017964071856287425
0 0.31849577897160397 0.3093812375249501 0.024558710667689946 0.013972055888223553
0 0.6449270913277053 0.8542115768463073 0.025993860322333074 0.013552894211576846
0 0.4715349194167306 0.23018962075848304 0.02343054489639294 0.011457085828343315
0 0.418649270913277 0.24301397205588823 0.01918649270913277 0.014970059880239521
0 0.5897927858787414 0.10978043912175649 0.01918649270913277 0.00998003992015968
0 0.29201841903300074 0.06487025948103792 0.02072141212586339 0.011976047904191617
0 0.7812739831158864 0.31037924151696605 0.021488871834228703 0.013972055888223553
0 0.3956254796623177 0.3847305389221557 0.023791250959324637 0.010978043912175649
0 0.3545663852647736 0.6516966067864272 0.021488871834228703 0.00998003992015968
0 0.4309976976208749 0.12398203592814372 0.017052954719877205 0.010489021956087825
0 0.5704144282425173 0.6917465069860279 0.02264006139677667 0.014231536926147705
0 0.4696853415195702 0.2470059880239521 0.021488871834228703 0.014970059880239521
0 0.5479662317728319 0.29840319361277445 0.01688411358403684 0.013972055888223553
0 0.7068303914044513 0.08882235528942116 0.019953952417498082 0.011976047904191617
0 0.5138142747505756 0.25349301397205587 0.023791250959324637 0.013972055888223553
0 0.6338526477359938 0.04874251497005988 0.01918649270913277 0.013972055888223553
0 0.4712202609363008 0.21956087824351297 0.023023791250959325 0.011976047904191617
0 0.6442824251726784 0.625249500998004 0.023791250959324637 0.010978043912175649
0 0.350575594781274 0.18598802395209582 0.022716807367613202 0.016686626746506984
0 0.351726784343822 0.6409780439121756 0.019953952417498082 0.011976047904191617
0 0.3795088257866462 0.1407185628742515 0.023791250959324637 0.013972055888223553
0 0.8131235610130468 0.5643712574850299 0.02072141212586339 0.014970059880239521
0 0.6753645433614736 0.05389221556886228 0.01841903300076746 0.013972055888223553
0 0.7336914811972371 0.8378243512974052 0.026093630084420567 0.012974051896207584
0 0.6776669224865695 0.6751497005988024 0.024558710667689946 0.010978043912175649
0 0.5274827321565617 0.8441716566866267 0.021957022256331542 0.017694610778443115
0 0.2747505755947813 0.27045908183632733 0.021488871834228703 0.013972055888223553
0 0.3353798925556408 0.1661676646706587 0.01688411358403684 0.012974051896207584
0 0.45679969301611667 0.583502994011976 0.018749040675364544 0.025289421157684632
0 0.9478127398311589 0.5863273453093812 0.01688411358403684 0.016966067864271458
0 0.7597851112816577 0.6392215568862275 0.021488871834228703 0.012974051896207584
0 0.2256331542594014 0.32884231536926145 0.019953952417498082 0.014970059880239521
0 0.43217191097467383 0.11338323353293413 0.021488871834228703 0.011976047904191617
0 0.9059861857252495 0.07634730538922156 0.01918649270913277 0.018962075848303395
0 0.9374520337682272 0.4660678642714571 0.02532617037605526 0.013972055888223553
0 0.35264773599386035 0.6996007984031936 0.02072141212586339 0.00998003992015968
0 0.3965003837298542 0.10574850299401196 0.01841903300076746 0.010978043912175649
0 0.8187183422870299 0.5287225548902196 0.0283960092095165 0.015968063872255488
0 0.6692248656945511 0.5578842315369261 0.015349194167306216 0.013972055888223553
0 0.3028626247122026 0.6812275449101797 0.021488871834228703 0.00998003992015968
0 0.22678434382194934 0.027445109780439122 0.02072141212586339 0.014970059880239521
0 0.8303914044512664 0.8338323353293413 0.023023791250959325 0.016966067864271458
0 0.29163468917881813 0.07634730538922156 0.019953952417498082 0.010978043912175649
0 0.6753645433614736 0.6906187624750499 0.019953952417498082 0.011976047904191617
0 0.6700537221795856 0.08419161676646707 0.026009209516500383 0.011656686626746507
0 0.33844973138910206 0.40219560878243515 0.013814274750575594 0.013972055888223553
0 0.7924021488871834 0.8522954091816367 0.02532617037605526 0.013972055888223553
0 0.08403683806600154 0.0998003992015968 0.051419800460475826 0.027944111776447105
0 0.6960859554873369 0.19161676646706588 0.023023791250959325 0.011976047904191617
0 0.3198541826554106 0.07830339321357285 0.02387567152724482 0.02154690618762475
0 0.351880276285495 0.5164670658682635 0.017651573292402148 0.012974051896207584
0 0.26208749040675366 0.12924151696606787 0.014581734458940905 0.02694610778443114
0 0.6745970836531082 0.035429141716566866 0.021488871834228703 0.012974051896207584
0 0.5970836531082118 0.7070858283433133 0.015349194167306216 0.008982035928143712
0 0.4301611665387567 0.14171656686626746 0.016116653875671526 0.013972055888223553
0 0.556792018419033 0.1187624750499002 0.02072141212586339 0.015968063872255488
0 0.6550268610897928 0.8068862275449101 0.023791250959324637 0.010978043912175649
0 0.6600153491941673 0.13672654690618763 0.021488871834228703 0.011976047904191617
0 0.5015349194167307 0.6701596806387226 0.02072141212586339 0.010978043912175649
0 0.889293937068304 0.4412175648702595 0.02282425172678434 0.01470059880239521
0 0.8642517267843437 0.3652694610778443 0.022179585571757483 0.014241516966067864
0 0.7175287797390637 0.41007984031936123 0.02210283960092095 0.02098802395209581
0 0.9160245587106677 0.6224051896207584 0.02464313123561013 0.019860279441117762
0 0.8317651573292402 0.7206586826347305 0.016531082118188795 0.016337325349301397
0 0.8304067536454336 0.8712974051896207 0.02041442824251727 0.01900199600798403
0 0.6766692248656946 0.8525149700598803 0.024980813507290867 0.017155688622754493
0 0.734712202609363 0.8515269461077845 0.0278894858019954 0.013762475049900198
0 0.6682118188795088 0.7457185628742515 0.015748273215656177 0.013592814371257485
0 0.4599002302379125 0.7715169660678642 0.021043745203376825 0.01947105788423154
0 0.44284727551803527 0.7064870259481038 0.024297774366845742 0.013712574850299402
0 0.20216423637759018 0.7058283433133733 0.021980046047582504 0.013832335329341318
0 0.8322333077513431 0.5649800399201597 0.014182655410590944 0.01788423153692615
0 0.8309900230237912 0.5967265469061875 0.018280890253261704 0.017095808383233532
0 0.7601611665387568 0.6532335329341317 0.021496546431312356 0.009560878243512974
0 0.6839293937068304 0.635429141716567 0.01651573292402149 0.011267465069860278
0 0.5675287797390637 0.601936127744511 0.01683806600153492 0.011137724550898204
0 0.19871834228702995 0.46500998003992017 0.021772831926323868 0.01570858283433134
0 0.6604604758250192 0.15527944111776448 0.017375287797390636 0.011636726546906187
0 0.6655026861089792 0.10386227544910179 0.020153491941673065 0.019281437125748504
0 0.6752340752110515 0.04456087824351297 0.01904067536454336 0.01029940119760479
0 0.5249654643131235 0.8556287425149701 0.019992325402916348 0.013512974051896207
0 0.5603837298541826 0.8470059880239521 0.018326937835763623 0.016716566866267466
0 0.46036838066001534 0.787185628742515 0.020076745970836533 0.013602794411177645
0 0.5049808135072908 0.7706487025948104 0.026323867996930157 0.009880239520958085
0 0.09040675364543362 0.12112774451097805 0.03879508825786646 0.017714570858283433
0 0.1628779739063699 0.29959081836327345 0.024128933231005373 0.024680638722554892
0 0.1963008442056792 0.3631437125748503 0.02557943207981581 0.029261477045908185
0 0.2453722179585572 0.28391217564870264 0.019002302379125098 0.01216566866267465
0 0.27745203376822714 0.28447105788423155 0.02194934765924789 0.014560878243512975
0 0.3007060629316961 0.2837325349301397 0.019424405218726015 0.011606786427145709
0 0.30054489639293935 0.12335329341317365 0.020330007674597084 0.016916167664670658
0 0.7213967766692249 0.2585229540918164 0.02194934765924789 0.012554890219560879
0 0.7246277820414428 0.26936127744510974 0.02750575594781274 0.012654690618762475
0 0.6563161933998465 0.7981037924151697 0.02155794320798158 0.012594810379241516
0 0.2274827321565618 0.48721556886227546 0.01940905602455871 0.013263473053892215
0 0.22672294704528015 0.6217564870259481 0.012363775901765156 0.012315369261477046
0 0.20080583269378355 0.7157385229540918 0.021757482732156563 0.009291417165668663
0 0.19940138142747504 0.7247704590818363 0.02063699155794321 0.013363273453093813
0 0.22940138142747507 0.7701197604790418 0.01771297006907137 0.013862275449101798
0 0.2909132770529547 0.7339121756487026 0.021788181120491176 0.013043912175648703
0 0.3469608595548733 0.6211477045908184 0.012494244052187261 0.012904191616766467
0 0.3081350729086723 0.611626746506986 0.014029163468917883 0.013013972055888223
0 0.19775134305448966 0.48248502994011977 0.015648503453568687 0.011586826347305389
0 0.22930161166538754 0.17892215568862277 0.01844205679201842 0.010988023952095808
0 0.23187260168841137 0.19899201596806385 0.023115886415963162 0.011606786427145709
0 0.33493476592478894 0.19333333333333333 0.010084420567920185 0.012854291417165669
0 0.3360706062931696 0.21722554890219561 0.008664620107444359 0.012734530938123753
0 0.39184190330007673 0.1962674650698603 0.023054489639293935 0.013323353293413174
0 0.6622640061396776 0.25553892215568863 0.031158864159631622 0.012435129740518963
0 0.6414504988488104 0.29604790419161675 0.020851880276285498 0.01059880239520958
0 0.6116270145817345 0.3011576846307385 0.015257099002302378 0.010818363273453094
0 0.6056945510360706 0.14410179640718562 0.025825019186492708 0.013043912175648703
0 0.4001151189562548 0.4020459081836328 0.022755180353031465 0.013243512974051895
0 0.4016116653875671 0.7458483033932136 0.02259401381427475 0.01026946107784431
0 0.3984036838066002 0.7115868263473054 0.01844973138910207 0.010129740518962076
0 0.4753415195702226 0.7203992015968064 0.024827321565617805 0.011307385229540919
0 0.5062547966231773 0.7154790419161676 0.018380660015349194 0.011736526946107785
0 0.5674750575594781 0.7115169660678643 0.019585571757482732 0.012844311377245508
0 0.6686262471220261 0.7364570858283432 0.017620874904067538 0.009540918163672656
0 0.7761243284727551 0.7496906187624751 0.018257866462010743 0.010528942115768464
0 0.7578280890253262 0.7038423153692615 0.01871834228702993 0.012624750499001997
0 0.667697620874904 0.5449301397205588 0.025533384497313894 0.014271457085828344
0 0.769002302379125 0.4989820359281437 0.01693783576362241 0.008962075848303394
0 0.8309363008442057 0.006936127744510978 0.013008442056792018 0.010019960079840318
0 0.8696316193399848 0.007784431137724551 0.01370683039140445 0.013572854291417165
0 0.11732924021488872 0.7257285429141717 0.045725249424405215 0.019271457085828343