0 0.6282947258212276 0.5560306771417882 0.019709462112288984 0.023187429854096483
0 0.39218688653317635 0.3036251402918069 0.02090040570605951 0.02431724653946882
0 0.3566745190420102 0.9336812570145904 0.021476246564585806 0.023367003367003245
0 0.44776861667321033 0.4397081930415264 0.02506216463813643 0.027766554433221034
0 0.7587030493390917 0.5004077815188926 0.01608428216202069 0.015757575757575665
0 0.3362648867949221 0.26189674523007855 0.0208873184138202 0.02330714552936781
0 0.4563735113205078 0.7742499064721287 0.021175238843083345 0.045529367751590034
0 0.38430179295903677 0.41286943509165736 0.020311477555293906 0.02425738870183316
0 0.35167517340662213 0.5251328095772541 0.020599397984556917 0.04647961092405538
0 0.4153644810888627 0.46670781893004115 0.019866509619159804 0.035308641975308606
0 0.3392226148409894 0.3059820426487093 0.019447716267504196 0.04838009726898619
0 0.15514330585001962 0.2823232323232323 0.029158487109017115 0.026165357276468425
0 0.3756183745583039 0.5610325476992144 0.02029839026305459 0.02324728769173215
0 0.21373511320507788 0.41305649083426865 0.020861143829341705 0.021286943509165792
0 0.19171574401256378 0.5237373737373737 0.01847925664180079 0.01902731013842135
0 0.3171312655411595 0.5130078563411897 0.022104436592069083 0.026457164234942054
0 0.36353226017536977 0.35899364010475127 0.019395367098547348 0.044339693228582035
0 0.283510011778563 0.6566442199775533 0.0220520874231121 0.022416760194537897
0 0.42263447192775816 0.3595435839880284 0.02283732495746633 0.03762813318368871
0 0.38154037429655807 0.46711934156378604 0.02029839026305459 0.02324728769173215
0 0.47436199450333727 0.45264122708567156 0.018767177071064067 0.04124953236064357
0 0.11082319068184793 0.8431649831649832 0.021489333856825017 0.024377104377104254
0 0.31571129433320244 0.6226038159371492 0.020337652139772264 0.026277590722035178
0 0.17787593246957203 0.8202095024317246 0.01850543122627928 0.02104751215862337
0 0.3982659337783013 0.19759072203516648 0.022104436592069083 0.026457164234941995
0 0.1972647559219997 0.4586120463898241 0.019722549404528163 0.024197530864197497
0 0.8084020416175892 0.18263748597081933 0.02325611830912194 0.024556677890011244
0 0.325291192252323 0.8818930041152264 0.019107446669284066 0.02211747100636004
0 0.6920625572569036 0.5142424242424243 0.016882606988614234 0.03197904975682749
0 0.6821423897395629 0.44009726898615786 0.01799502682894915 0.027048260381593765
0 0.9320638659861276 0.5569322858211747 0.021397722811150193 0.017306397306397183
0 0.8858199188587882 0.44915450804339696 0.01847925664180079 0.019027310138421235
0 0.26486716398377175 0.3932323232323232 0.019761811281245968 0.027227833894500526
0 0.908938620599398 0.525993265993266 0.019094359377045022 0.021107369996258802
0 0.3891113728569559 0.6090909090909091 0.02207826200759059 0.024436962214739916
0 0.37460410940976313 0.571223344556678 0.019709462112288984 0.023187429854096716
0 0.6531016882606989 0.5706584362139918 0.014906425860489477 0.01563786008230457
0 0.09716005758408584 0.12731762065095398 0.020285302970815346 0.02223718668163114
0 0.7283078131134667 0.6447250280583614 0.026920560136107635 0.03501683501683486
0 0.7482463028399423 0.6038608305274973 0.021515508441303476 0.026397306397306274
0 0.36949352179034156 0.6252076318742985 0.01913362125376256 0.024137673026562063
0 0.1997382541552153 0.1769135802469136 0.024983640884700953 0.021705948372615032
0 0.7827967543515246 0.025349794238683134 0.02146315927234649 0.02235690235690235
0 0.32175762334772934 0.15593714927048263 0.029812851720978955 0.03127572016460902
0 0.7176874754613269 0.014680134680134686 0.02809841643763885 0.02936026936026937
0 0.2470684465384112 0.1554582865693977 0.021463159272346558 0.02235690235690235
0 0.3856955895825153 0.509569771791994 0.017968852244470524 0.02502805836139163
0 0.20866378746237405 0.21433969322858212 0.017877241198796003 0.01795735129068462
0 0.5870893862059939 0.6494949494949495 0.01845308205732243 0.017007108118219327
0 0.9426253108231907 0.8539506172839505 0.017864153906556823 0.016947250280583664
0 0.3572372726082974 0.41360269360269364 0.01764166993848984 0.04517022072577628
0 0.27930899096976836 0.6177291432846987 0.018557780395236263 0.025087916199027407
0 0.7641669938489727 0.28296670407781527 0.019657112943332 0.019147025813692445
0 0.5975199581206648 0.4345753834642723 0.017864153906556688 0.016947250280583664
0 0.9858460934432666 0.3325626636737748 0.01739301138594423 0.025978301533857093
0 0.20922654102866117 0.7610362888140665 0.018531605810757773 0.023067714178825388
0 0.49738908519827246 0.5138533482977927 0.018531605810757773 0.023067714178825274
0 0.14168956942808533 0.41281331836887397 0.01608428216202069 0.015757575757575665
0 0.24313571522052088 0.23202020202020202 0.019709462112288984 0.023187429854096483
0 0.5886336866902238 0.5983950617283951 0.017301400340269574 0.01890759446315002
0 0.2084609344326659 0.6158511036288813 0.024473236487370823 0.0277066965955856
0 0.8088600968459625 0.5785334829779275 0.016071194869781643 0.014747474747474655
0 0.931285172097893 0.6397306397306397 0.024368538149456855 0.01962588851477752
0 0.8752584740217249 0.5152936775158997 0.01611045674649905 0.017777777777777688
0 0.9696440256510929 0.4935952113729892 0.014291323125245245 0.013557800224466886
0 0.5600837586703311 0.5094986906098018 0.017327574924748068 0.02092779648335204
0 0.817105090956681 0.6457875046763936 0.01614971862321699 0.020808080808080717
0 0.20469833791388561 0.27072951739618406 0.017955764952231345 0.024017957351290736
0 0.5029511843999477 0.4704152637485971 0.01735374950922656 0.022947998503554064
0 0.08055228373249575 0.38775533108866445 0.01850543122627928 0.021047512158623254
0 0.9690943593770448 0.5360194537972315 0.0172621384635519 0.015877291432846993
0 0.14031540374296558 0.3599925177702955 0.01850543122627928 0.02104751215862337
0 0.3268289490904332 0.35465394687616913 0.01642455176024082 0.04202020202020193
0 0.3901256380054967 0.4400187055742611 0.0208873184138202 0.02330714552936781
0 0.1576953278366706 0.9251552562663674 0.02442088731841384 0.02366629255518156
0 0.8069755267635127 0.4516199027310138 0.016673210312786298 0.01581743359521133
0 0.5227522575579113 0.6217358772914328 0.028006805391964464 0.02806584362139912
0 0.15444967936134016 0.835200149644594 0.02379269729093056 0.020576131687242868
0 0.5249378353618637 0.3849569771791994 0.017837979322078198 0.014927048260381645
0 0.06762858264625049 0.50003367003367 0.022078262007590624 0.024436962214739916
0 0.9590956681062687 0.6268163112607557 0.014932600444968103 0.01765806210250659
0 0.7637482004973171 0.2925925925925926 0.01847925664180079 0.019027310138421235
0 0.8902434236356499 0.17583239805462028 0.01707891637220259 0.047130564908342644
0 0.5942939405836932 0.501986531986532 0.015573877764690425 0.021758323980546293
0 0.24940452820311476 0.6106808829031052 0.02035073943201151 0.02728769173213596
0 0.7796296296296297 0.6556490834268612 0.019696374820049673 0.022177328843995474
0 0.7192056013610785 0.5982379349046016 0.016725559481743014 0.01985783763561537
0 0.6867687475461326 0.5596707818930041 0.013231252453867045 0.02252899364010488
0 0.6870174060986782 0.019814814814814816 0.019958120664834326 0.03962962962962963
0 0.7358133752126684 0.22431350542461653 0.01731448763250862 0.01991769547325103
0 0.9363957597173145 0.44956228956228955 0.01731448763250889 0.01991769547325103
0 0.8020350739432012 0.42438084549195665 0.04507263447192774 0.02879161990273096
0 0.5399620468525063 0.47371492704826035 0.015521528595733441 0.01771791994014225
0 0.7981939536709854 0.2668986157875047 0.018570867687475442 0.026098017209128303
0 0.8288443920952755 0.5114365881032548 0.01078392880513023 0.015218855218855272
0 0.7791519434628975 0.07968948746726524 0.021450071980107448 0.02134680134680134
0 0.7185774113335952 0.5105387205387205 0.015024211490642491 0.024728769173213545
0 0.73475984818741 0.21483726150392818 0.019107446669284066 0.02211747100635987
0 0.5144418269859966 0.30986157875046766 0.017916503075513672 0.020987654320987707
0 0.8416699384897265 0.06627384960718294 0.01915979583824105 0.026157875046763937
0 0.8110129564193168 0.5485559296670408 0.017864153906556556 0.016947250280583664
0 0.953971993194608 0.3413505424616536 0.01851851851851846 0.022057613168724264
0 0.7576560659599529 0.5131238309016086 0.014906425860489477 0.01563786008230457
0 0.8561706582907996 0.21813318368873927 0.017366836801465873 0.023958099513655073
0 0.8656654888103652 0.6655667789001123 0.01727522575579095 0.016887392442948002
0 0.5323910482921084 0.5360194537972315 0.02379269729093056 0.020576131687242868
0 0.8845046459887449 0.45988028432472877 0.01728831304803026 0.017897493453049012
0 0.6549535401125507 0.5412158623269735 0.012576887841905408 0.017418630751964165
0 0.5414147362910614 0.429685746352413 0.01622824237665233 0.026868686868686778
0 0.249862583431488 0.18947250280583613 0.021999738254155247 0.018376356154133914
0 0.07683549273655281 0.40225589225589226 0.014592330846747804 0.03679012345679012
0 0.5101099332548096 0.4172315750093528 0.013767831435675934 0.018548447437336274
0 0.10433843737730664 0.36768424990647214 0.017916503075513672 0.020987654320987707
0 0.8214762465645858 0.6034792368125702 0.014945687737207149 0.0186681631126076
0 0.5412576887841906 0.7822671156004489 0.015521528595733575 0.01771791994014225
0 0.8390001308729225 0.567399925177703 0.016136631330977674 0.019797979797979707
0 0.9329079963355582 0.4917807706696596 0.015495354011255083 0.015697717919940117
0 0.7422981285172099 0.06426861204638983 0.025075251930375474 0.028776655443322117
0 0.20764297866771364 0.22503554059109615 0.017327574924748068 0.02092779648335204
0 0.24789294594948305 0.20530864197530865 0.017916503075513672 0.020987654320987648
0 0.7673733804475854 0.239768050879162 0.016738646773982593 0.02086793864571638
0 0.9267635126292371 0.6255630377852601 0.017877241198796134 0.017957351290684674
0 0.7970095537233346 0.22212869435091656 0.020311477555293906 0.02425738870183316
0 0.6947258212275881 0.4448709315375982 0.01488025127601085 0.013617658062102548
0 0.2854469310299699 0.5525439580995136 0.018531605810757773 0.023067714178825388
0 0.8143829341709201 0.06148148148148149 0.019748723989006657 0.026217732884399544
0 0.45672686821096714 0.3157276468387579 0.01689569428085328 0.0329891507669285
0 0.35352048161235444 0.4734979423868313 0.017916503075513672 0.020987654320987707
0 0.16458578720062822 0.8699812944257389 0.01608428216202069 0.015757575757575665
0 0.23690616411464466 0.8490123456790124 0.01489333856825023 0.01462775907220356
0 0.23884308336605156 0.8583988028432472 0.01782489202983902 0.013916947250280635
0 0.36703965449548487 0.8599962588851479 0.013767831435675934 0.018548447437336274
0 0.32573616018845697 0.8929442573887019 0.01668629760502561 0.01682753460531234
0 0.4083824106792305 0.9148073325851103 0.014945687737207149 0.01866816311260737
0 0.4413689307682241 0.9109502431724654 0.01431749770972387 0.015578002244668905
0 0.4388888888888889 0.9207856341189674 0.013100379531474986 0.01242798353909455
0 0.2534157832744405 0.5507557052001497 0.015508441303494262 0.016707818930041012
0 0.4028726606465122 0.11440329218106997 0.0184923439340401 0.020037411148522245
0 0.444810888627143 0.05516273849607184 0.01980107315796364 0.0302581369248036
0 0.16043057191467083 0.10121586232697342 0.013191990577149574 0.019498690609801736
0 0.15929852113597695 0.1885895997007108 0.015560790472451246 0.02074822297044517
0 0.12241853160581076 0.24328095772540217 0.016686297605025543 0.01682753460531234
0 0.0777123413165816 0.10760568649457537 0.014382934170920033 0.020628507295173956
0 0.09286088208349692 0.14137298915076696 0.011961785106661444 0.015338570894126484
0 0.09617196702002356 0.4986457164234942 0.016097369454259935 0.01676767676767679
0 0.13030362517995028 0.49719416386083054 0.015521528595733542 0.017717919940142136
0 0.4413820180604633 0.5467826412270856 0.016136631330977674 0.019797979797979707
0 0.4946865593508703 0.5862551440329218 0.016058107577542197 0.013737373737373645
0 0.5133424944379008 0.7805649083426862 0.01609736945425987 0.016767676767676674
0 0.47907996335558173 0.8375121586232698 0.016686297605025477 0.01682753460531234
0 0.5376521397722811 0.8789711934156379 0.016071194869781376 0.014747474747474655
0 0.8914932600444967 0.8056827534605312 0.018125899751341476 0.037149270482603865
0 0.9182044235047768 0.8095248784137673 0.020376914016489934 0.029307893752338207
0 0.7790537887711033 0.563909465020576 0.018021201413427775 0.029068462401795787
0 0.7824892029839026 0.5257313879536102 0.01679099594293931 0.02490834268612042
0 0.7947127339353488 0.4447961092405537 0.01558696505692974 0.022768424990647188
0 0.7772281115037298 0.11468761690983914 0.01078392880513023 0.015218855218855215
0 0.7552152859573353 0.02058735503179948 0.01375474414343689 0.01753834642723532
0 0.7767635126292369 0.05975682753460532 0.0173930113859445 0.02597830153385708
0 0.8997840596780525 0.6197306397306397 0.01612354403873836 0.018787878787878697
0 0.968767177071064 0.1754171343060232 0.01315272870043197 0.016468387579498703
0 0.729197748985735 0.8257089412644968 0.017523884308336558 0.036079311634867196
0 0.6696440256510928 0.6557313879536102 0.016817170527417935 0.02692854470632244
0 0.542173799240937 0.3257052001496446 0.0174322732626619 0.02900860456416012
0 0.12871351917288312 0.5745267489711934 0.014945687737207149 0.0186681631126076
0 0.4789490904331894 0.4163636363636363 0.014500719801073182 0.029719416386083046