0 0.6355688622754492 0.3378074074074074 0.02714570858283415 0.05248888888888882
0 0.6518562874251497 0.38722962962962965 0.02658682634730517 0.05342962962962963
0 0.5783632734530938 0.8471037037037038 0.02331337325349305 0.046133333333333214
0 0.18275449101796407 0.7307592592592593 0.020119760479041928 0.02589629629629644
0 0.3638323353293413 0.6874222222222223 0.019361277445109872 0.021837037037037134
0 0.7680838323353293 0.2807 0.02407185628742504 0.05019259259259263
0 0.30253493013972055 0.780462962962963 0.02874251497005988 0.03272592592592582
0 0.3448103792415169 0.9504888888888888 0.020918163672654727 0.04589629629629644
0 0.8457684630738523 0.35910740740740743 0.024710578842315225 0.036311111111111134
0 0.5180838323353294 0.5099518518518519 0.02447105788423161 0.04525185185185183
0 0.31842315369261476 0.5434814814814816 0.04323353293413176 0.03714814814814826
0 0.5822554890219561 0.5187925925925926 0.022554890219560923 0.04207407407407413
0 0.13508982035928144 0.1792111111111111 0.02694610778443114 0.03254814814814813
0 0.15365269461077846 0.7861481481481482 0.019361277445109733 0.021837037037037134
0 0.6336127744510978 0.4531555555555556 0.024870259481038177 0.05525185185185182
0 0.8192415169660678 0.7703407407407408 0.02770459081836313 0.05154814814814836
0 0.20978043912175648 0.5785481481481481 0.03293413173652695 0.03314074074074074
0 0.7166067864271457 0.20887037037037037 0.02159680638722551 0.03301481481481482
0 0.16512974051896206 0.8345962962962963 0.01928143712574853 0.019837037037037136
0 0.81375249500998 0.274262962962963 0.03980039920159682 0.04079259259259266
0 0.5232734530938123 0.3784888888888889 0.021716566866267457 0.036014814814814826
0 0.6529940119760479 0.5651370370370371 0.02990019960079844 0.06172592592592582
0 0.2314171656686627 0.6648555555555556 0.014530938123752486 0.020362962962963138
0 0.5662075848303394 0.41560740740740737 0.025748502994011976 0.03242962962962963
0 0.9032534930139721 0.3647962962962963 0.026307385229540955 0.04642962962962963
0 0.35728542914171657 0.657888888888889 0.023073852295409165 0.02519259259259252
0 0.7775449101796407 0.4131148148148148 0.025069860279441192 0.030370370370370436
0 0.7105588822355289 0.535474074074074 0.022674650698602868 0.030133333333333213
0 0.6213373253493013 0.39964814814814814 0.023832335329341425 0.04419259259259252
0 0.5177644710578843 0.6812407407407407 0.020239520958083804 0.02889629629629644
0 0.2114570858283433 0.2246185185185185 0.02443113772455087 0.02931111111111113
0 0.4980239520958084 0.5527888888888889 0.021317365269461024 0.026014814814814827
0 0.32401197604790416 0.6610703703703704 0.019401197604790473 0.022837037037037135
0 0.7972055888223554 0.4573925925925926 0.024191616766466847 0.03825185185185182
0 0.25782435129740516 0.6540222222222222 0.017005988023952083 0.02259999999999991
0 0.2024750499001996 0.17143703703703705 0.022475049900199582 0.025133333333333327
0 0.8807784431137725 0.34713333333333335 0.021477045908183705 0.030014814814814827
0 0.6179840319361277 0.5621703703703704 0.022514970059880186 0.04107407407407391
0 0.29377245508982036 0.6281962962962963 0.01812375249500997 0.02071851851851852
0 0.30802395209580835 0.7312037037037037 0.01896207584830344 0.026777777777777827
0 0.041157684630738524 0.6051888888888889 0.01924151696606786 0.018837037037037135
0 0.0664870259481038 0.634588888888889 0.01620758483033932 0.017540740740740603
0 0.17670658682634732 0.22068148148148145 0.01640718562874257 0.022540740740740715
0 0.3204590818363273 0.32554814814814814 0.020079840319361258 0.024896296296296215
0 0.43754491017964076 0.7485037037037037 0.020000000000000056 0.022896296296296442
0 0.876127744510978 0.8207925925925926 0.030419161676646815 0.02990370370370374
0 0.6418163672654692 0.5017777777777778 0.022075848303393285 0.04501481481481483
0 0.8842514970059879 0.9047666666666666 0.024151696606786247 0.03725185185185183
0 0.205249500998004 0.3754037037037037 0.021437125748502966 0.029014814814814827
0 0.7569860279441119 0.21934074074074073 0.019201596806387188 0.03277777777777783
0 0.2396606786427146 0.7144777777777779 0.01636726546906183 0.021540740740740603
0 0.47375249500998007 0.38554074074074074 0.021477045908183705 0.030014814814814827
0 0.8460079840319362 0.3949888888888889 0.020758483033932316 0.02695555555555552
0 0.7208383233532936 0.9125 0.02195608782435148 0.027074074074074132
0 0.49441117764471054 0.7013407407407408 0.026786427145708593 0.028548148148148357
0 0.6468263473053892 0.530162962962963 0.029381237524950064 0.033785185185185126
0 0.2565868263473054 0.6454333333333334 0.01692614770459081 0.02059999999999991
0 0.7469461077844312 0.4085925925925926 0.02491017964071878 0.04131111111111113
0 0.9704790419161677 0.5099 0.03644710578842322 0.04643703703703704
0 0.8200199600798403 0.6105518518518518 0.025269461077844203 0.03537037037037044
0 0.41187624750498997 0.6060185185185185 0.0189620758483033 0.026777777777777827
0 0.4440119760479042 0.4099888888888889 0.020878243512973987 0.02995555555555552
0 0.6932335329341316 0.9680370370370369 0.02315369261477064 0.027192592592592518
0 0.24095808383233533 0.3809296296296296 0.01692614770459081 0.02060000000000002
0 0.2774251497005988 0.7341518518518519 0.019999999999999987 0.022896296296296442
0 0.45528942115768456 0.5206703703703703 0.021477045908183705 0.030014814814814827
0 0.7554091816367265 0.17984074074074072 0.040119760479041915 0.03385185185185185
0 0.269061876247505 0.18848518518518517 0.02331337325349305 0.031192592592592633
0 0.15477045908183634 0.9784962962962963 0.015568862275449102 0.016481481481481295
0 0.7194610778443113 0.9676444444444444 0.017564870259481127 0.021659259259259215
0 0.21682634730538924 0.613111111111111 0.018602794411177608 0.01777777777777783
0 0.7137924151696606 0.16825185185185185 0.026147704590818274 0.02748888888888888
0 0.8670259481037924 0.4882074074074074 0.02347305389221546 0.05013333333333333
0 0.7867664670658683 0.6217037037037036 0.02479041916167643 0.03831111111111113
0 0.07656686626746508 0.6853888888888889 0.016247504990019954 0.018540740740740604
0 0.4961477045908183 0.871837037037037 0.022554890219560787 0.04207407407407413
0 0.32948103792415173 0.6860148148148149 0.01952095808383228 0.025837037037037134
0 0.35211576846307385 0.774911111111111 0.022315369261477036 0.036074074074073904
0 0.3215768463073852 0.6374222222222222 0.01876247504990029 0.02177777777777783
0 0.34321357285429144 0.2755074074074074 0.019720558882235565 0.04577777777777783
0 0.23481037924151696 0.6900925925925926 0.016207584830339284 0.017540740740740603
0 0.6693812375249502 0.654411111111111 0.022035928143712684 0.029074074074073905
0 0.44822355289421156 0.6051333333333333 0.019121756487025986 0.030777777777777827
0 0.26530938123752495 0.3111259259259259 0.020758483033932112 0.02695555555555552
0 0.9229341317365269 0.46186666666666665 0.02359281437125754 0.03819259259259252
0 0.4865069860279441 0.6901 0.01812375249500997 0.02071851851851852
0 0.5893812375249501 0.35365555555555556 0.02439121756487027 0.02831111111111113
0 0.2494810379241517 0.4300814814814815 0.022594810379241527 0.028133333333333326
0 0.24217564870259478 0.1947888888888889 0.02698602794411174 0.03354814814814813
0 0.26249500998003994 0.35268148148148143 0.018363273453093857 0.026718518518518523
0 0.6161876247504989 0.5096999999999999 0.0213972055888225 0.028014814814814826
0 0.8048902195608781 0.8590629629629629 0.02642714570858276 0.034488888888888826
0 0.6072255489021956 0.5690740740740741 0.015928143712574797 0.04042222222222222
0 0.32105788423153697 0.5646592592592592 0.030578842315369226 0.03390370370370374
0 0.38834331337325345 0.6664407407407407 0.0188822355289421 0.02477777777777783
0 0.2100798403193613 0.7354555555555555 0.016287425149700625 0.0195407407407406
0 0.4059880239520958 0.548162962962963 0.02071856287425144 0.02595555555555552
0 0.2079441117764471 0.5997814814814815 0.022475049900199582 0.025133333333333438
0 0.6424151696606787 0.3150777777777778 0.01984031936127737 0.03383703703703702
0 0.7274251497005988 0.24081851851851852 0.022514970059880186 0.026133333333333324
0 0.10199600798403194 0.8293444444444444 0.017485029940119752 0.019659259259259217
0 0.12510978043912177 0.6388962962962962 0.016846307385229537 0.01859999999999991
0 0.8791816367265469 0.8599407407407407 0.02946107784431127 0.03578518518518513
0 0.9073053892215569 0.3915925925925926 0.028782435129740484 0.03372592592592582
0 0.7545708582834331 0.629474074074074 0.02211576846307389 0.031074074074073907
0 0.6445109780439122 0.1882888888888889 0.03121756487025941 0.03496296296296293
0 0.5483433133732535 0.5059740740740741 0.024550898203592814 0.03231111111111113
0 0.5933932135728543 0.24498518518518517 0.021437125748502966 0.029014814814814827
0 0.6405988023952097 0.29945925925925926 0.021437125748503105 0.029014814814814827
0 0.3 0.7692555555555556 0.026786427145708593 0.028548148148148128
0 0.20514970059880241 0.20855555555555555 0.02075848303393218 0.02695555555555552
0 0.562874251497006 0.32463703703703706 0.021956087824351343 0.027074074074074018
0 0.24572854291417165 0.8067148148148149 0.015568862275449102 0.016481481481481295
0 0.24762475049900198 0.8168629629629629 0.015608782435129705 0.017481481481481296
0 0.12411177644710578 0.6288370370370371 0.016846307385229537 0.01859999999999991
0 0.13736526946107785 0.6919037037037037 0.016247504990019954 0.018540740740740604
0 0.13800399201596805 0.7004333333333334 0.014331337325349304 0.015362962962963139
0 0.10558882235528941 0.7101740740740741 0.016846307385229537 0.01859999999999991
0 0.10694610778443113 0.721762962962963 0.016247504990019954 0.018540740740740604
0 0.04393213572854292 0.5402222222222222 0.016846307385229537 0.01859999999999991
0 0.045788423153692616 0.5493703703703704 0.01740518962075848 0.017659259259259215
0 0.12620758483033934 0.9876222222222223 0.016287425149700593 0.0195407407407406
0 0.15457085828343312 0.988437037037037 0.013692614770459086 0.014303703703703832
0 0.12954091816367264 0.9940444444444445 0.017365269461077845 0.01191111111111104
0 0.4041117764471057 0.5385148148148148 0.01624750499001989 0.018540740740740604
0 0.46083832335329344 0.5625555555555556 0.01808383233532937 0.01971851851851852
0 0.5062275449101796 0.5939407407407407 0.01692614770459081 0.02059999999999991
0 0.5629141716566866 0.6095111111111112 0.016926147704590947 0.02059999999999991
0 0.6243313373253492 0.6539370370370371 0.018123752495009835 0.02071851851851852
0 0.6601796407185628 0.6032000000000001 0.01624750499001989 0.018540740740740604
0 0.6632335329341317 0.6124666666666667 0.016806387225548867 0.017599999999999907
0 0.7255888223552894 0.6355703703703703 0.01744510978043905 0.018659259259259216
0 0.7286027944111778 0.643837037037037 0.02051896207584816 0.02095555555555552
0 0.7397804391217565 0.6698444444444445 0.016207584830339284 0.01754074074074083
0 0.7480838323353293 0.5715592592592592 0.014970059880239521 0.016422222222222217
0 0.750878243512974 0.5817962962962963 0.019361277445109872 0.021837037037037134
0 0.774810379241517 0.5612555555555555 0.018722554890219414 0.02077777777777783
0 0.7764870259481038 0.573374074074074 0.015009980039920124 0.017422222222222217
0 0.8105988023952096 0.5388999999999999 0.02127744510978042 0.025014814814814827
0 0.8765269461077846 0.5543888888888889 0.016886227544910072 0.01959999999999991
0 0.9126147704590818 0.4125370370370371 0.015608782435129705 0.017481481481481525
0 0.9144910179640718 0.42218518518518516 0.016846307385229468 0.018600000000000023
0 0.9023353293413174 0.4687925925925926 0.016167664670658683 0.016540740740740717
0 0.905688622754491 0.47808888888888884 0.0126147704590818 0.01718518518518522
0 0.7765069860279441 0.09577037037037035 0.01820359281437131 0.022718518518518523
0 0.8037325349301397 0.18014074074074074 0.019401197604790473 0.02283703703703702
0 0.8569261477045907 0.10074074074074073 0.020638722554890236 0.02395555555555555
0 0.8582634730538923 0.11182962962962963 0.014491017964071748 0.019362962962962967
0 0.8422954091816367 0.2198148148148148 0.019999999999999782 0.022896296296296272
0 0.8064870259481038 0.25661111111111107 0.01628742514970049 0.01954074074074083
0 0.8284630738522953 0.2991259259259259 0.026746506986027853 0.02754814814814813
0 0.2764870259481038 0.3894259259259259 0.015648702594810375 0.018481481481481522
0 0.2795808383233533 0.39969259259259265 0.018802395209580894 0.022777777777777827
0 0.3564071856287425 0.35201481481481484 0.017644710578842333 0.023659259259259217
0 0.41808383233532936 0.24606296296296296 0.01321357285429138 0.017244444444444413
0 0.4206187624750499 0.25727037037037037 0.01872255489021969 0.02077777777777783
0 0.5086427145708583 0.11657407407407408 0.021197604790419215 0.023014814814814828
0 0.5114770459081837 0.12781111111111113 0.019361277445109872 0.02183703703703705
0 0.17409181636726548 0.1775925925925926 0.01580838323353292 0.022481481481481522
0 0.1081437125748503 0.19148518518518517 0.013812375249500996 0.017303703703703717
0 0.11073852295409183 0.20419259259259256 0.016846307385229537 0.018600000000000023
0 0.5211377245508981 0.8628555555555556 0.016886227544910072 0.01959999999999991
0 0.5241716566866267 0.8716222222222223 0.01864271457085821 0.018777777777777827
0 0.5582035928143713 0.9023814814814813 0.01624750499001989 0.018540740740740604
0 0.5600598802395209 0.9115296296296297 0.019241516966067792 0.018837037037037135
0 0.6068063872255489 0.9694444444444444 0.01812375249500997 0.02071851851851852
0 0.6078043912175648 0.9795037037037037 0.015608782435129705 0.017481481481481296
0 0.6409181636726546 0.9648518518518518 0.020079840319361258 0.024896296296296215
0 0.6785229540918163 0.8983518518518518 0.020119760479042133 0.025896296296296212
0 0.6934331337325349 0.9805074074074074 0.009500998003992088 0.013888888888888914
0 0.6066866267465071 0.4584592592592593 0.015089820359281329 0.019422222222222216
0 0.6076047904191617 0.4889296296296296 0.016846307385229468 0.018600000000000023
0 0.5698203592814371 0.4314037037037037 0.013812375249500962 0.017303703703703717
0 0.9600399201596806 0.8609703703703704 0.019401197604790473 0.022837037037037135
0 0.9265069860279442 0.9174148148148148 0.016327345309381094 0.02054074074074083
0 0.9207784431137723 0.818737037037037 0.01808383233532923 0.01971851851851852
0 0.8277045908183635 0.8105222222222223 0.018123752495009835 0.02071851851851852