0 0.45468277945619334 0.34686346863468637 0.025981873111782478 0.03198031980319803
0 0.24108761329305137 0.13530135301353013 0.03141993957703928 0.04428044280442804
0 0.781570996978852 0.5971709717097171 0.024773413897280966 0.07257072570725707
0 0.34131117824773416 0.24868388683886838 0.022797583081570996 0.05457564575645756
0 0.5356495468277945 0.7115621156211562 0.023564954682779457 0.06273062730627306
0 0.6833836858006043 0.21033210332103322 0.01933534743202417 0.05904059040590406
0 0.25770392749244714 0.25768757687576876 0.036858006042296075 0.04551045510455105
0 0.6942598187311179 0.4175891758917589 0.029003021148036254 0.03567035670356704
0 0.8507552870090634 0.518450184501845 0.02175226586102719 0.06765067650676507
0 0.07280966767371601 0.1992619926199262 0.0283987915407855 0.03444034440344403
0 0.39003021148036254 0.1961869618696187 0.0283987915407855 0.033210332103321034
0 0.8459214501510574 0.16543665436654367 0.022960725075528703 0.05781057810578106
0 0.5770392749244713 0.4175891758917589 0.03141993957703928 0.04305043050430504
0 0.9163141993957704 0.508610086100861 0.025981873111782478 0.033210332103321034
0 0.7290030211480363 0.5350553505535055 0.025981873111782478 0.03198031980319803
0 0.6570996978851964 0.2521525215252153 0.0283987915407855 0.03198031980319803
0 0.34350453172205436 0.6162361623616236 0.022356495468277945 0.046740467404674045
0 0.716012084592145 0.6100861008610086 0.02416918429003021 0.03198031980319803
0 0.8942598187311178 0.3370233702337023 0.025377643504531724 0.07626076260762607
0 0.5749244712990936 0.2201722017220172 0.0283987915407855 0.03444034440344403
0 0.30694864048338366 0.4612546125461255 0.03141993957703928 0.03690036900369004
0 0.6226586102719033 0.5375153751537516 0.018731117824773415 0.05166051660516605
0 0.38096676737160123 0.3763837638376384 0.04169184290030212 0.041820418204182044
0 0.6416918429003021 0.4440344403444034 0.025377643504531724 0.03444034440344403
0 0.8800604229607251 0.21648216482164823 0.022356495468277945 0.06396063960639606
0 0.783987915407855 0.5436654366543665 0.03202416918429003 0.03936039360393604
0 0.8948640483383686 0.6654366543665436 0.026586102719033233 0.056580565805658053
0 0.8664652567975831 0.6469864698646987 0.025377643504531724 0.06396063960639606
0 0.2848942598187311 0.12177121771217712 0.03444108761329305 0.041820418204182044
0 0.7113957703927491 0.05857318573185732 0.033836858006042296 0.04305043050430504
0 0.9821752265861027 0.11931119311193111 0.024773413897280966 0.04920049200492005
0 0.9187552870090634 0.469089790897909 0.029764350453172203 0.03164821648216482
0 0.25861027190332325 0.45141451414514144 0.03141993957703928 0.041820418204182044
0 0.47401812688821754 0.18327183271832717 0.0283987915407855 0.03690036900369004
0 0.8268882175226586 0.5055350553505535 0.021148036253776436 0.03444034440344403
0 0.5531722054380664 0.27183271832718325 0.029607250755287008 0.03690036900369004
0 0.6528700906344411 0.5307503075030751 0.022356495468277945 0.04797047970479705
0 0.9767371601208459 0.32779827798277983 0.038066465256797584 0.04305043050430504
0 0.40755287009063446 0.6722017220172202 0.0283987915407855 0.03567035670356704
0 0.18882175226586104 0.6168511685116851 0.03081570996978852 0.038130381303813035
0 0.5057401812688822 0.1857318573185732 0.016918429003021148 0.05166051660516605
0 0.5761329305135952 0.2908979089790898 0.027190332326283987 0.038130381303813035
0 0.5770392749244713 0.32779827798277983 0.026586102719033233 0.025830258302583026
0 0.8178247734138973 0.4268142681426814 0.025981873111782478 0.03936039360393604
0 0.6987915407854985 0.4575645756457565 0.027190332326283987 0.02952029520295203
0 0.9519637462235649 0.1931119311193112 0.029607250755287008 0.06642066420664207
0 0.6981873111782477 0.3241082410824108 0.024773413897280966 0.04551045510455105
0 0.620845921450151 0.7361623616236163 0.0283987915407855 0.04059040590405904
0 0.6444108761329305 0.6328413284132841 0.019939577039274924 0.05043050430504305
0 0.2066465256797583 0.45940959409594095 0.033836858006042296 0.04797047970479705
0 0.5800604229607251 0.36900369003690037 0.025377643504531724 0.03444034440344403
0 0.6018126888217523 0.48769987699877 0.02175226586102719 0.03075030750307503
0 0.7069486404833837 0.6303813038130381 0.016918429003021148 0.03567035670356704
0 0.053474320241691846 0.2853628536285363 0.023564954682779457 0.03690036900369004
0 0.3057401812688822 0.16051660516605165 0.030211480362537766 0.05289052890528905
0 0.63202416918429 0.47293972939729395 0.01933534743202417 0.03075030750307503
0 0.8604229607250755 0.27244772447724475 0.016918429003021148 0.04797047970479705
0 0.23323262839879155 0.41266912669126693 0.026586102719033233 0.03567035670356704
0 0.6948640483383686 0.5873308733087331 0.02416918429003021 0.033210332103321034
0 0.4283987915407855 0.4009840098400984 0.029003021148036254 0.03444034440344403
0 0.09214501510574018 0.5608856088560885 0.024773413897280966 0.03198031980319803
0 0.6595166163141994 0.22324723247232472 0.027190332326283987 0.03075030750307503
0 0.35468277945619336 0.3979089790897909 0.02416918429003021 0.028290282902829027
0 0.48398791540785496 0.2097170971709717 0.01812688821752266 0.04305043050430504
0 0.20906344410876132 0.35854858548585483 0.030211480362537766 0.04059040590405904
0 0.8374622356495468 0.509840098400984 0.01570996978851964 0.04797047970479705
0 0.8537764350453172 0.7337023370233703 0.022960725075528703 0.04059040590405904
0 0.7700906344410876 0.44526445264452646 0.03081570996978852 0.03198031980319803
0 0.2226586102719033 0.2822878228782288 0.03444108761329305 0.04305043050430504
0 0.49033232628398793 0.42066420664206644 0.03202416918429003 0.041820418204182044
0 0.9764350453172206 0.47601476014760147 0.025377643504531724 0.03690036900369004
0 0.6175226586102719 0.3370233702337023 0.02175226586102719 0.05166051660516605
0 0.4435045317220544 0.550430504305043 0.02054380664652568 0.05289052890528905
0 0.3661631419939577 0.25030750307503075 0.01812688821752266 0.055350553505535055
0 0.6756555891238671 0.14329643296432965 0.02442296072507553 0.04306273062730627
0 0.36555891238670696 0.6648216482164822 0.02175226586102719 0.033210332103321034
0 0.7842900302114804 0.09471094710947109 0.030211480362537766 0.03690036900369004
0 0.6984894259818731 0.7810578105781057 0.02175226586102719 0.02952029520295203
0 0.3510574018126888 0.44280442804428044 0.026586102719033233 0.02952029520295203
0 0.9126888217522658 0.7749077490774908 0.024773413897280966 0.03198031980319803
0 0.12900302114803625 0.6051660516605166 0.024773413897280966 0.03444034440344403
0 0.9371601208459215 0.6082410824108241 0.025377643504531724 0.03075030750307503
0 0.6060422960725076 0.35362853628536284 0.014501510574018127 0.05043050430504305
0 0.32990936555891237 0.7822878228782287 0.027794561933534745 0.03198031980319803
0 0.7525679758308157 0.16297662976629768 0.024773413897280966 0.028290282902829027
0 0.7766646525679759 0.3514883148831488 0.028646525679758308 0.059594095940959414
0 0.06132930513595166 0.528290282902829 0.027190332326283987 0.033210332103321034
0 0.21570996978851964 0.6592865928659286 0.022960725075528703 0.046740467404674045
0 0.5217522658610272 0.3031980319803198 0.017522658610271902 0.03567035670356704
0 0.14561933534743202 0.11992619926199262 0.035045317220543805 0.04551045510455105
0 0.40060422960725073 0.45448954489544896 0.029003021148036254 0.04551045510455105
0 0.886356495468278 0.3907380073800738 0.024833836858006043 0.03924969249692497
0 0.9030513595166163 0.1009471094710947 0.023154078549848942 0.03776137761377614
0 0.09939577039274924 0.13591635916359163 0.03081570996978852 0.04059040590405904
0 0.6957703927492447 0.5079950799507995 0.015105740181268883 0.04428044280442804
0 0.45226586102719035 0.42558425584255843 0.029607250755287008 0.03936039360393604
0 0.4314199395770393 0.47539975399754 0.026586102719033233 0.03567035670356704
0 0.6175226586102719 0.4483394833948339 0.02175226586102719 0.038130381303813035
0 0.7441087613293051 0.2054120541205412 0.019939577039274924 0.046740467404674045
0 0.48711782477341387 0.608610086100861 0.021105740181268883 0.02991389913899139
0 0.8540785498489426 0.23554735547355474 0.016314199395770394 0.04551045510455105
0 0.8280966767371601 0.7152521525215252 0.022356495468277945 0.025830258302583026
0 0.929595166163142 0.2393480934809348 0.024749244712990937 0.0604920049200492
0 0.4685015105740181 0.4883271832718327 0.022634441087613293 0.0372939729397294
0 0.2972809667673716 0.8025830258302583 0.033836858006042296 0.033210332103321034
0 0.21178247734138972 0.2158671586715867 0.0283987915407855 0.04551045510455105
0 0.8401812688821753 0.1949569495694957 0.021148036253776436 0.06765067650676507
0 0.6749244712990936 0.5553505535055351 0.016918429003021148 0.025830258302583026
0 0.30332326283987915 0.6365313653136532 0.025377643504531724 0.033210332103321034
0 0.7821027190332327 0.4032472324723247 0.027794561933534745 0.03567035670356704
0 0.5163141993957704 0.17650676506765067 0.022356495468277945 0.05781057810578106
0 0.6613293051359517 0.35116851168511687 0.027190332326283987 0.033210332103321034
0 0.918429003021148 0.42927429274292744 0.025377643504531724 0.041820418204182044
0 0.7429003021148036 0.38314883148831486 0.017522658610271902 0.04305043050430504
0 0.39123867069486407 0.33640836408364083 0.038066465256797584 0.04305043050430504
0 0.3779456193353474 0.2767527675276753 0.021148036253776436 0.05166051660516605
0 0.5712990936555892 0.5658056580565806 0.021148036253776436 0.04428044280442804
0 0.2737160120845921 0.04551045510455105 0.025377643504531724 0.05412054120541206
0 0.12054380664652568 0.5879458794587946 0.016314199395770394 0.046740467404674045
0 0.850749244712991 0.8402337023370234 0.02916616314199396 0.049999999999999996
0 0.14773413897280968 0.5393603936039361 0.019939577039274924 0.033210332103321034
0 0.39093655589123866 0.6863468634686347 0.01812688821752266 0.03690036900369004
0 0.9008277945619335 0.9117220172201722 0.025981873111782478 0.033210332103321034
0 0.04787915407854985 0.17886838868388683 0.019274924471299092 0.0395940959409594
0 0.777643504531722 0.06088560885608856 0.035045317220543805 0.033210332103321034
0 0.3066465256797583 0.528290282902829 0.024773413897280966 0.03567035670356704
0 0.5308157099697886 0.6291512915129152 0.021148036253776436 0.028290282902829027
0 0.5175226586102719 0.4403444034440344 0.019939577039274924 0.02706027060270603
0 0.1350453172205438 0.3167281672816728 0.03323262839879154 0.04797047970479705
0 0.14984894259818732 0.3640836408364084 0.026586102719033233 0.03690036900369004
0 0.11238670694864049 0.5455104551045511 0.02054380664652568 0.023370233702337023
0 0.7882175226586102 0.18081180811808117 0.019939577039274924 0.046740467404674045
0 0.16132930513595167 0.22078720787207873 0.027794561933534745 0.03567035670356704
0 0.729607250755287 0.8045141451414515 0.03596978851963746 0.04178351783517835
0 0.297583081570997 0.22447724477244774 0.025981873111782478 0.033210332103321034
0 0.6369909365558912 0.11758917589175891 0.025274924471299094 0.047183271832718324
0 0.8196374622356496 0.7337023370233703 0.015105740181268883 0.04305043050430504
0 0.5172205438066465 0.28413284132841327 0.02175226586102719 0.03690036900369004
0 0.30151057401812686 0.7792127921279213 0.033836858006042296 0.033210332103321034
0 0.2664652567975831 0.6266912669126691 0.029003021148036254 0.03075030750307503
0 0.8 0.25153751537515373 0.025377643504531724 0.025830258302583026
0 0.6861027190332326 0.9200492004920049 0.029607250755287008 0.04920049200492005
0 0.5918429003021148 0.477859778597786 0.016314199395770394 0.04551045510455105
0 0.7120845921450151 0.4108241082410824 0.015105740181268883 0.041820418204182044
0 0.7108761329305135 0.559040590405904 0.019939577039274924 0.028290282902829027
0 0.9641812688821753 0.6422755227552275 0.025377643504531724 0.03198031980319803
0 0.5308157099697886 0.36900369003690037 0.036858006042296075 0.046740467404674045
0 0.7341389728096677 0.3936039360393604 0.01812688821752266 0.03936039360393604
0 0.7474320241691843 0.6457564575645757 0.027794561933534745 0.03198031980319803
0 0.4119456193353474 0.06375153751537516 0.0369607250755287 0.04526445264452644
0 0.7604229607250755 0.474169741697417 0.018731117824773415 0.028290282902829027
0 0.9126888217522658 0.6340713407134071 0.024773413897280966 0.03567035670356704
0 0.16132930513595167 0.43183271832718323 0.024670694864048336 0.03541205412054121
0 0.2253776435045317 0.511070110701107 0.029003021148036254 0.033210332103321034
0 0.6084592145015105 0.46432964329643295 0.016918429003021148 0.055350553505535055
0 0.2338368580060423 0.6685116851168512 0.027794561933534745 0.04551045510455105
0 0.3322598187311178 0.36548585485854856 0.023564954682779457 0.03690036900369004
0 0.44168580060422963 0.7429151291512915 0.02557703927492447 0.033936039360393605
0 0.14208459214501512 0.7170725707257073 0.02251963746223565 0.022349323493234933
0 0.19102719033232626 0.8280319803198033 0.022815709969788517 0.021205412054120538
0 0.08964954682779457 0.7749077490774908 0.02183081570996979 0.02222632226322263
0 0.08441087613293051 0.6747970479704797 0.022126888217522657 0.026752767527675275
0 0.12977643504531722 0.9172324723247233 0.02185498489425982 0.022890528905289052
0 0.17128096676737162 0.5458917589175892 0.02283987915407855 0.027355473554735544
0 0.30587311178247734 0.5760270602706027 0.022308157099697887 0.024243542435424356
0 0.3904592145015106 0.5633456334563346 0.020531722054380662 0.0342189421894219
0 0.41725075528700906 0.562939729397294 0.02321450151057402 0.029741697416974168
0 0.35384894259818733 0.4881426814268143 0.021552870090634443 0.026420664206642068
0 0.2644652567975831 0.3581549815498155 0.027788519637462237 0.03701107011070111
0 0.3454380664652568 0.32260762607626076 0.02269486404833837 0.028081180811808115
0 0.3411057401812689 0.28645756457564575 0.023093655589123865 0.02105781057810578
0 0.18233836858006042 0.15712177121771218 0.027589123867069486 0.02619926199261993
0 0.2589728096676737 0.1963591635916359 0.024592145015105742 0.029089790897908977
0 0.056042296072507554 0.8880688806888068 0.023359516616314198 0.026063960639606396
0 0.8099274924471299 0.6319680196801968 0.02227190332326284 0.02964329643296433
0 0.8406344410876133 0.6177859778597786 0.023347432024169185 0.02945879458794588
0 0.817190332326284 0.3275891758917589 0.022410876132930517 0.030516605166051657
0 0.7521752265861027 0.2667527675276753 0.02357099697885196 0.03055350553505535
0 0.7225800604229606 0.10205412054120541 0.02526283987915408 0.02905289052890529
0 0.5774803625377644 0.07714637146371464 0.017945619335347433 0.025461254612546124
0 0.5965921450151057 0.102619926199262 0.01635045317220544 0.026826568265682655
0 0.9486223564954683 0.13218942189421895 0.02382477341389728 0.02637146371463715
0 0.923595166163142 0.058179581795817954 0.017371601208459216 0.030172201722017223
0 0.9495891238670694 0.7303444034440344 0.021323262839879155 0.03211562115621156
0 0.9441087613293051 0.8838130381303813 0.025123867069486404 0.026396063960639607
0 0.4786767371601209 0.298290282902829 0.02209667673716012 0.028868388683886838
0 0.42087613293051357 0.21370233702337024 0.035498489425981876 0.036998769987699874
0 0.43690634441087617 0.6421156211562116 0.022658610271903322 0.028757687576875766
0 0.34102719033232626 0.18429274292742928 0.013202416918429005 0.01928659286592866
0 0.3640060422960725 0.17793357933579335 0.020803625377643506 0.04056580565805658