0 0.8193899782135077 0.21343314361131735 0.062122626828509324 0.029250185597624333
0 0.8104263927793339 0.5091272787263879 0.06206037970743843 0.028136599851521883
0 0.20273887332710863 0.4181473232698177 0.13955804544039838 0.03185680112183456
0 0.16209150326797386 0.49870494102119933 0.06567071272953626 0.03260744040254062
0 0.8065359477124183 0.5336137919656851 0.04842826019296602 0.02472985234677878
0 0.1556178026766262 0.7949682421842778 0.060379707438530966 0.02812835106821729
0 0.19290382819794583 0.7143941268662872 0.13271086212262687 0.029596634496411783
0 0.7998755057578587 0.8181803184030355 0.06224712107065053 0.03147735708982923
0 0.12234671646436351 0.9390538645549782 0.097416744475568 0.02942341004701806
0 0.05624027388733271 0.8735667739008497 0.08067226890756303 0.030454507960075816
0 0.1612822906940554 0.8740823228573785 0.05894802365390601 0.032574445269322745
0 0.33159041394335514 0.8348181143281366 0.09797696856520387 0.03944568176194011
0 0.27086834733893556 0.913606368060711 0.08235294117647059 0.03046275674338016
0 0.3674136321195145 0.9157510517198713 0.06062869592281357 0.03258269405262734
0 0.7682850918145037 0.9622741895570404 0.08751945222533468 0.03271467458549859
0 0.6967942732648615 0.9028870741565619 0.06903205726735148 0.03262393796914956
0 0.8104575163398693 0.8995463169182546 0.05888577653283541 0.031460859523220294
0 0.793495175848117 0.8420976655943249 0.05876128229069401 0.029233688031015396
0 0.8620915032679739 0.742741070692073 0.14472455648926233 0.03410871896395274
0 0.7384998443821973 0.7432483708652974 0.05359477124183011 0.026981770188897216
0 0.7744164332399627 0.6420605460694547 0.08241518829754128 0.031576342489482864
0 0.7073762838468721 0.5782397096428278 0.07401182695300328 0.03153509857296039
0 0.8207905384375973 0.5793532953889301 0.056893868658574535 0.025884682009403703
0 0.8876750700280112 0.4354326486843191 0.17005913476501716 0.03645962220572468
0 0.7488017429193901 0.43864967417305945 0.06062869592281367 0.03258269405262722
0 0.786118892001245 0.3424812340179823 0.082477435418612 0.032689928235585315
0 0.7156240273887333 0.2803142786439 0.07457205104263939 0.04155737028788257
0 0.8299408652349829 0.2803184030355523 0.058823529411764705 0.030347273777117847
0 0.7533457827575475 0.14683246721108636 0.05347027699968871 0.02475459869669225
0 0.10504201680672269 0.15089086859688197 0.05571117335823219 0.03478511919491877
0 0.22882041705571118 0.14704281118535015 0.12119514472455645 0.0339932359976903
0 0.06993464052287582 0.28271467458549865 0.06430127606598196 0.0381671203497484
0 0.18515406162464987 0.2816093376227007 0.05901027077497666 0.033688031015425196
0 0.16840958605664486 0.25033820011548297 0.043386243386243424 0.0247051059968655
0 0.17899159663865546 0.22644147488245484 0.07363834422657956 0.024853584096345818
0 0.1338001867413632 0.3431782562072094 0.07768440709617182 0.03711952487008158
0 0.09754123871770931 0.42041573867854487 0.06050420168067227 0.03035552256042244
0 0.15929038281979457 0.518741235667739 0.05396825396825393 0.03366328466551191
0 0.061686896981014615 0.5806401055844262 0.07258014316837848 0.03598119277406585
0 0.16934329287270464 0.5794976490967583 0.057391845627139754 0.0347933679782233
0 0.12878929349517584 0.6433473562649509 0.0838468720821662 0.027130248288377404
0 0.08502956738250854 0.7194341334653139 0.06554621848739496 0.030380268910335722
0 0.14861500155617802 0.8149839148725564 0.055648926237161535 0.03367153344881651