0 0.7912356053532524 0.7871690175699084 0.06487394957983197 0.030982430091561337
0 0.7949393090569561 0.49173471912892847 0.06477435418611885 0.029868844345459014
0 0.18285091814503582 0.5992452363276417 0.14258325552443196 0.03657510517198712
0 0.144593837535014 0.5189557040336551 0.06853408029878617 0.03437268002969563
0 0.7912480547774664 0.4671492204899777 0.051030189853719175 0.026330116307844532
0 0.15002801120448178 0.22298935906953724 0.06309368191721133 0.02984409799554567
0 0.18408341114223467 0.3032170254887404 0.13566137566137568 0.03424894828012872
0 0.7964768129474011 0.18288789903489236 0.06507314036725802 0.03320960158376637
0 0.12244008714596949 0.07985647117050235 0.10026766262060383 0.03261568918584509
0 0.05413009648303766 0.14742637960900767 0.0817802676626206 0.0323434793367978
0 0.15877995642701526 0.1439495174461767 0.06181139122315592 0.03427369463004206
0 0.327370059134765 0.17821083890126208 0.1028446934329287 0.04266270725068055
0 0.2702769996887644 0.10154664686958674 0.08514161220043576 0.03239297203662461
0 0.36667289137877374 0.09627567433803513 0.06349206349206347 0.03429844097995547
0 0.7706193588546529 0.039222964612719624 0.09038281979458458 0.03469438257856965
0 0.6969249922191099 0.10113833209601583 0.0718954248366014 0.03442217272952238
0 0.8096794273264861 0.10112595892105913 0.061711795829442896 0.03316010888393961
0 0.7902147525676938 0.15882207374412274 0.06151260504201665 0.03093293739173471
0 0.855499533146592 0.25679287305122495 0.14782446311858072 0.03887651571393218
0 0.7315717398070339 0.25942835931700076 0.056271397447868104 0.028631526849789653
0 0.7638842203548085 0.3591437762929967 0.08366013071895434 0.03459539717891604
0 0.6940429505135387 0.4250185597624351 0.07693744164332408 0.03449641177926254
0 0.8079863056333644 0.4211210096510764 0.059533146591970114 0.027567433803513893
0 0.8676563958916899 0.5630536995793121 0.16987239340180488 0.04142538975501106
0 0.7295922813569873 0.5638084632516704 0.06349206349206357 0.03429844097995553
0 0.7631434796140678 0.6590819104182134 0.0853408029878619 0.034620143528829576
0 0.6900902583255524 0.7232368225686712 0.07773420479302828 0.04340509774808201
0 0.8048241518829753 0.7199084385053205 0.06161220043572977 0.03204652313783723
0 0.7228260192966075 0.8558525117545162 0.0543915343915343 0.026379609007671345
0 0.07377528789293496 0.8685968819599109 0.05864923747276689 0.03645137342242021
0 0.1974042950513539 0.8693021529324425 0.12419545596016185 0.03741648106904222
0 0.044251478369125435 0.7377010640930463 0.06913165266106443 0.041054194506310454
0 0.15967631497043264 0.736055431823806 0.06201058201058197 0.036500866122247025
0 0.1408714596949891 0.7675575352635486 0.04598817304699659 0.026255877258104434
0 0.1505446623093682 0.7911160603810938 0.07633986928104575 0.027814897302647967
0 0.10954248366013072 0.6756619648601833 0.08069716775599131 0.03900024746349928
0 0.07765950824774354 0.5993689680772086 0.06339246809835046 0.03318485523385296
0 0.1429754123871771 0.4994184607770354 0.056868969810146254 0.03531304132640435
0 0.04731403672580144 0.4400272209849047 0.07555555555555556 0.037812422667656484
0 0.1551758481170246 0.4382702301410542 0.0603299097416744 0.036476119772333615
0 0.1170059134765017 0.37582281613462015 0.08662309368191722 0.030190546894333058
0 0.07661998132586367 0.30051967334818114 0.06843448490507315 0.03325909428359318
0 0.14420790538437597 0.20339024993813412 0.05854964207905387 0.03533778767631776