0 0.7140718562874252 0.4405144694533762 0.03293413173652695 0.03536977491961415
0 0.8214820359281437 0.7290996784565916 0.033682634730538924 0.04019292604501608
0 0.6190119760479041 0.4107717041800643 0.03143712574850299 0.03376205787781351
0 0.4880239520958084 0.49437299035369775 0.02844311377245509 0.03697749196141479
0 0.27357784431137727 0.5763665594855305 0.029191616766467067 0.03376205787781351
0 0.4700823353293413 0.3118167202572347 0.032881736526946106 0.029099678456591643
0 0.7245508982035929 0.5241157556270096 0.03143712574850299 0.03215434083601286
0 0.23690119760479042 0.5755627009646302 0.030688622754491017 0.03858520900321544
0 0.2694610778443114 0.5080385852090032 0.0344311377245509 0.028938906752411574
0 0.25748502994011974 0.3319935691318328 0.02694610778443114 0.03054662379421222
0 0.31511976047904194 0.6302250803858521 0.025449101796407185 0.03215434083601286
0 0.8203592814371258 0.7966237942122186 0.03143712574850299 0.03697749196141479
0 0.27245508982035926 0.4437299035369775 0.02844311377245509 0.03215434083601286
0 0.7713323353293413 0.7556270096463023 0.03218562874251497 0.03536977491961415
0 0.17627245508982037 0.48231511254019294 0.03967065868263473 0.04180064308681672
0 0.7713323353293413 0.4429260450160772 0.02619760479041916 0.03054662379421222
0 0.4296407185628742 0.41639871382636656 0.023952095808383235 0.02572347266881029
0 0.23802395209580837 0.655144694533762 0.02844311377245509 0.03376205787781351
0 0.21931137724550898 0.5369774919614148 0.04790419161676647 0.04823151125401929
0 0.2926646706586826 0.22186495176848875 0.0344311377245509 0.03858520900321544
0 0.7406437125748503 0.1647909967845659 0.036676646706586824 0.03054662379421222
0 0.8032110778443113 0.6095176848874598 0.04654940119760479 0.032540192926045014
0 0.6859730538922156 0.4017041800643087 0.03223802395209581 0.02938906752411576
0 0.780314371257485 0.49517684887459806 0.02470059880239521 0.02572347266881029
0 0.3787425149700599 0.6535369774919614 0.03592814371257485 0.03376205787781351
0 0.09618263473053892 0.30144694533762056 0.0561377245508982 0.04983922829581994
0 0.8345808383233533 0.4678456591639871 0.014970059880239521 0.04501607717041801
0 0.8053892215568862 0.5836012861736335 0.02694610778443114 0.03215434083601286
0 0.6601796407185628 0.7620578778135049 0.02694610778443114 0.03536977491961415
0 0.13959580838323354 0.5771704180064309 0.04565868263473054 0.04180064308681672
0 0.5763473053892215 0.16157556270096463 0.02844311377245509 0.03054662379421222
0 0.17065868263473055 0.4107717041800643 0.03143712574850299 0.04019292604501608
0 0.8139970059880239 0.5048231511254019 0.027694610778443114 0.03215434083601286
0 0.312125748502994 0.6712218649517685 0.023952095808383235 0.03697749196141479
0 0.09056886227544911 0.6390675241157556 0.03143712574850299 0.03376205787781351
0 0.4184131736526946 0.6262057877813505 0.02245508982035928 0.03054662379421222
0 0.7245508982035929 0.6221864951768489 0.02694610778443114 0.028938906752411574
0 0.5858083832335329 0.5640032154340836 0.02898203592814371 0.029533762057877815
0 0.5093562874251497 0.4292604501607717 0.027694610778443114 0.03536977491961415
0 0.44872754491017963 0.8006430868167203 0.027694610778443114 0.028938906752411574
0 0.3541616766467066 0.5762218649517685 0.031856287425149704 0.044437299035369776
0 0.812874251497006 0.5297427652733119 0.02844311377245509 0.03697749196141479
0 0.6620508982035929 0.4871382636655949 0.035179640718562874 0.03536977491961415
0 0.8662275449101796 0.3382636655948553 0.03036676646706587 0.04053054662379421
0 0.447559880239521 0.3706591639871383 0.03417664670658682 0.04557877813504824
0 0.3356212574850299 0.49115755627009644 0.05369011976047904 0.03697749196141479
0 0.6082260479041917 0.5209163987138263 0.030553892215568864 0.028906752411575563
0 0.6104041916167665 0.5442122186495176 0.02619760479041916 0.03376205787781351
0 0.7642215568862275 0.8191318327974276 0.020958083832335328 0.03054662379421222
0 0.26272455089820357 0.3054662379421222 0.02844311377245509 0.028938906752411574
0 0.08570359281437126 0.22106109324758844 0.04416167664670659 0.03697749196141479
0 0.048652694610778445 0.36897106109324757 0.02844311377245509 0.03054662379421222
0 0.5220808383233533 0.12861736334405144 0.02619760479041916 0.028938906752411574
0 0.7245508982035929 0.5434083601286174 0.03143712574850299 0.03215434083601286
0 0.6987275449101796 0.8440514469453376 0.0561377245508982 0.03858520900321544
0 0.6598053892215568 0.7379421221864951 0.030688622754491017 0.03536977491961415
0 0.5268413173652695 0.5482315112540193 0.0331437125748503 0.03536977491961415
0 0.6281586826347305 0.5966720257234727 0.030419161676646708 0.029967845659163987
0 0.4902694610778443 0.47186495176848875 0.0374251497005988 0.04019292604501608
0 0.7077095808383234 0.7604501607717041 0.023203592814371257 0.03215434083601286
0 0.49326347305389223 0.6061093247588425 0.014970059880239521 0.028938906752411574
0 0.8102544910179641 0.20819935691318328 0.033682634730538924 0.03376205787781351
0 0.41092814371257486 0.4509646302250804 0.023952095808383235 0.03054662379421222
0 0.218937125748503 0.7781350482315113 0.021706586826347306 0.028938906752411574
0 0.5681137724550899 0.4405144694533762 0.038922155688622756 0.03215434083601286
0 0.37574850299401197 0.5072347266881029 0.03293413173652695 0.03376205787781351
0 0.20434131736526945 0.41318327974276525 0.03143712574850299 0.03858520900321544
0 0.6227544910179641 0.2829581993569132 0.03293413173652695 0.03215434083601286
0 0.33990269461077843 0.3917845659163987 0.029775449101796407 0.033151125401929264
0 0.23877245508982037 0.6784565916398714 0.025449101796407185 0.028938906752411574
0 0.42065868263473055 0.6406752411575563 0.020958083832335328 0.024115755627009645
0 0.5071107784431138 0.6430868167202572 0.020209580838323353 0.02572347266881029
0 0.7110778443113772 0.7379421221864951 0.0344311377245509 0.03536977491961415
0 0.687125748502994 0.3432475884244373 0.02844311377245509 0.024115755627009645
0 0.12574850299401197 0.4115755627009646 0.02844311377245509 0.04180064308681672
0 0.36614520958083835 0.2711093247588424 0.031032934131736526 0.033086816720257234
0 0.2312874251497006 0.7564308681672026 0.025449101796407185 0.03376205787781351
0 0.2088323353293413 0.860128617363344 0.020958083832335328 0.028938906752411574
0 0.4026946107784431 0.4734726688102894 0.019461077844311378 0.027331189710610933
0 0.2249251497005988 0.35610932475884244 0.021706586826347306 0.03054662379421222
0 0.3843562874251497 0.35771704180064307 0.06212574850299401 0.04019292604501608
0 0.688622754491018 0.4220257234726688 0.023952095808383235 0.03054662379421222
0 0.8207335329341318 0.16559485530546625 0.04116766467065868 0.03536977491961415
0 0.717814371257485 0.3946945337620579 0.023952095808383235 0.03054662379421222
0 0.5449775449101797 0.35792604501607717 0.03728293413173653 0.033344051446945334
0 0.8514221556886228 0.729903536977492 0.023203592814371257 0.03536977491961415
0 0.31324850299401197 0.5217041800643086 0.03218562874251497 0.027331189710610933
0 0.6119011976047904 0.8046623794212219 0.02470059880239521 0.03054662379421222
0 0.7904191616766467 0.889871382636656 0.041916167664670656 0.04340836012861737
0 0.26833832335329344 0.46061093247588425 0.033682634730538924 0.03054662379421222
0 0.6942365269461078 0.4887459807073955 0.02470059880239521 0.03215434083601286
0 0.8529191616766467 0.7998392282958199 0.02470059880239521 0.03376205787781351
0 0.7638473053892215 0.5964630225080386 0.035179640718562874 0.028938906752411574
0 0.5254491017964071 0.5707395498392283 0.017964071856287425 0.03536977491961415
0 0.469311377245509 0.33520900321543406 0.02245508982035928 0.027331189710610933
0 0.17290419161676646 0.6905144694533762 0.025449101796407185 0.03376205787781351
0 0.03164670658682635 0.6395980707395498 0.028869760479041915 0.03162379421221865
0 0.7223053892215568 0.5996784565916399 0.02844311377245509 0.028938906752411574
0 0.812874251497006 0.3247588424437299 0.02844311377245509 0.03215434083601286
0 0.5250748502994012 0.6270096463022508 0.014221556886227544 0.02572347266881029
0 0.9026946107784432 0.4622186495176849 0.03293413173652695 0.03054662379421222
0 0.17365269461077845 0.6639871382636656 0.025449101796407185 0.03215434083601286
0 0.35104790419161674 0.6061093247588425 0.016467065868263474 0.03215434083601286
0 0.49887724550898205 0.5610932475884244 0.027694610778443114 0.028938906752411574
0 0.8544161676646707 0.47106109324758844 0.012724550898203593 0.04180064308681672
0 0.5930164670658683 0.44143086816720256 0.031032934131736526 0.02710610932475884
0 0.8822380239520958 0.612315112540193 0.0369311377245509 0.05742765273311897
0 0.3963323353293413 0.26607717041800644 0.03817365269461078 0.03697749196141479
0 0.6921407185628743 0.364887459807074 0.020958083832335328 0.027331189710610933
0 0.6208832335329342 0.3094855305466238 0.02470059880239521 0.03054662379421222
0 0.42434880239520956 0.3915112540192926 0.03582335329341317 0.031045016077170418
0 0.20508982035928144 0.10128617363344052 0.06437125748502993 0.04501607717041801
0 0.3686377245508982 0.38987138263665594 0.027694610778443114 0.03376205787781351
0 0.4824101796407186 0.12861736334405144 0.030688622754491017 0.03215434083601286
0 0.5404191616766467 0.8030546623794212 0.025449101796407185 0.027331189710610933
0 0.7623502994011976 0.2709003215434084 0.02470059880239521 0.027331189710610933
0 0.5864520958083832 0.8520900321543409 0.023203592814371257 0.028938906752411574
0 0.048652694610778445 0.34163987138263663 0.029940119760479042 0.03054662379421222
0 0.19273952095808383 0.3545016077170418 0.029191616766467067 0.03054662379421222
0 0.7563622754491018 0.38987138263665594 0.021706586826347306 0.02090032154340836
0 0.3783682634730539 0.6294212218649518 0.03218562874251497 0.03376205787781351
0 0.14109281437125748 0.5506430868167203 0.03218562874251497 0.03376205787781351
0 0.49176646706586824 0.587620578778135 0.019461077844311378 0.03054662379421222
0 0.6848802395209581 0.6189710610932476 0.03143712574850299 0.03215434083601286
0 0.467687125748503 0.8314790996784565 0.02470059880239521 0.028938906752411574
0 0.26085329341317365 0.6045016077170418 0.02470059880239521 0.03215434083601286
0 0.5497754491017964 0.1607717041800643 0.033682634730538924 0.028938906752411574
0 0.5785928143712575 0.35771704180064307 0.023952095808383235 0.03054662379421222
0 0.17702095808383234 0.8609324758842444 0.0187125748502994 0.027331189710610933
0 0.5202095808383234 0.637459807073955 0.014970059880239521 0.024115755627009645
0 0.2679640718562874 0.5289389067524116 0.029940119760479042 0.028938906752411574
0 0.5033682634730539 0.6286173633440515 0.01721556886227545 0.03215434083601286
0 0.7587949101796407 0.3683922829581993 0.03181137724550898 0.025257234726688105
0 0.782185628742515 0.47186495176848875 0.020958083832335328 0.027331189710610933
0 0.5531437125748503 0.8488745980707395 0.02245508982035928 0.02572347266881029
0 0.28158682634730536 0.7821221864951768 0.03263473053892216 0.030610932475884242
0 0.9528443113772455 0.707395498392283 0.06287425149700598 0.03536977491961415
0 0.14708083832335328 0.889871382636656 0.03218562874251497 0.03054662379421222
0 0.7634730538922155 0.47508038585209006 0.014970059880239521 0.027331189710610933
0 0.7201796407185629 0.22517684887459807 0.028211077844311375 0.029131832797427655
0 0.3379491017964072 0.3046623794212219 0.029191616766467067 0.03697749196141479
0 0.5179640718562875 0.15192926045016078 0.017964071856287425 0.024115755627009645
0 0.5863173652694611 0.590064308681672 0.02962574850299401 0.026848874598070737
0 0.5726047904191617 0.1085209003215434 0.0718562874251497 0.03376205787781351
0 0.23203592814371257 0.8858520900321544 0.040419161676646706 0.04180064308681672
0 0.3847305389221557 0.10771704180064309 0.0658682634730539 0.04180064308681672
0 0.8125 0.3440514469453376 0.02619760479041916 0.02572347266881029
0 0.6272455089820359 0.6181672025723473 0.029940119760479042 0.027331189710610933
0 0.280688622754491 0.8022508038585209 0.023952095808383235 0.02572347266881029
0 0.7675898203592815 0.6205787781350482 0.021706586826347306 0.028938906752411574
0 0.3787425149700599 0.5265273311897106 0.02694610778443114 0.027331189710610933
0 0.20658682634730538 0.2620578778135048 0.0658682634730539 0.05144694533762058
0 0.7190793413173653 0.3770096463022508 0.027417664670658686 0.027331189710610933
0 0.33944610778443113 0.8022508038585209 0.027694610778443114 0.028938906752411574
0 0.5056137724550899 0.5868167202572347 0.01721556886227545 0.028938906752411574
0 0.6886526946107784 0.2591961414790997 0.02987275449101796 0.025032154340836013
0 0.6440868263473054 0.16639871382636656 0.06212574850299401 0.03697749196141479
0 0.5722305389221557 0.26607717041800644 0.029191616766467067 0.03054662379421222
0 0.7597305389221557 0.24758842443729903 0.025449101796407185 0.022508038585209004
0 0.44872754491017963 0.7797427652733119 0.033682634730538924 0.03215434083601286
0 0.9476047904191617 0.7290996784565916 0.04790419161676647 0.03054662379421222
0 0.33645209580838326 0.7773311897106109 0.033682634730538924 0.04019292604501608
0 0.1534431137724551 0.860128617363344 0.02245508982035928 0.03215434083601286
0 0.31687874251497006 0.5454019292604502 0.042440119760479046 0.026495176848874598
0 0.537874251497006 0.7810289389067524 0.03083083832335329 0.031511254019292605
0 0.7398952095808383 0.25562700964630225 0.01721556886227545 0.022508038585209004
0 0.8622754491017964 0.16961414790996784 0.017964071856287425 0.024115755627009645
0 0.46864520958083833 0.07377813504823151 0.0986377245508982 0.05178456591639872
0 0.4846556886227545 0.1527331189710611 0.02470059880239521 0.028938906752411574
0 0.5431437125748503 0.272524115755627 0.027949101796407187 0.03827974276527331
0 0.6073577844311376 0.7858842443729903 0.031017964071856287 0.027282958199356912
0 0.5831437125748503 0.8324919614147909 0.0280688622754491 0.0240032154340836
0 0.5529865269461077 0.8307717041800643 0.02654940119760479 0.02414790996784566
0 0.49716317365269463 0.83024115755627 0.026399700598802398 0.02427652733118971
0 0.4073502994011976 0.8281028938906753 0.029266467065868263 0.027154340836012862
0 0.3706437125748503 0.8214630225080386 0.028517964071856288 0.025787781350482313
0 0.08467814371257484 0.6196463022508039 0.032544910179640715 0.027315112540192924
0 0.03300898203592814 0.6193890675241157 0.018982035928143712 0.02392282958199357
0 0.7201497005988023 0.24554662379421222 0.025845808383233533 0.020144694533762057
0 0.7693562874251496 0.7380385852090032 0.03480538922155688 0.02562700964630225