0 0.19436612785245172 0.46890156918687587 0.013307224521018466 0.010556348074179711
0 0.23146505682013963 0.47118402282453636 0.017339716800114976 0.0099857346647646
0 0.25928925354590554 0.47047075606276745 0.014920221432657116 0.01911554921540659
0 0.30304179477410265 0.4680456490727532 0.03669567973977825 0.013124108416547764
0 0.3552625697884024 0.4686162624821683 0.042744418158422975 0.016262482168330927
0 0.40990284017016015 0.46990014265335234 0.037905427423507256 0.013694721825962874
0 0.4639382367100534 0.47203994293865903 0.047986658121248416 0.010556348074179711
0 0.5528546914641315 0.46776034236804565 0.04032492279096512 0.016833095577746038
0 0.627254174013462 0.46761768901569184 0.047180159665429135 0.014265335235377985
0 0.6679823460323367 0.46833095577746076 0.014920221432657038 0.012553495007132653
0 0.6962097919860123 0.4667617689015692 0.01774296602802462 0.014835948644793207
0 0.5409588392407967 0.4136947218259629 0.02701769826994665 0.02910128388017119
0 0.5782593928224394 0.4122681883024251 0.020968959851301924 0.02738944365192586
0 0.6203989371389979 0.4099857346647646 0.02298520599085006 0.02910128388017119
0 0.6623368568416016 0.41126961483594865 0.02177545830712121 0.02653352353780314
0 0.46293011364027925 0.38830242510699003 0.02298520599085006 0.024821683309557807
0 0.489746187296271 0.3874465049928673 0.02298520599085006 0.024251069900142697
0 0.48389907349158107 0.2586305278174037 0.08871483014012325 0.016833095577746038
0 0.5756382728410268 0.2601997146932953 0.06331012878181518 0.021112696148359505
0 0.7298811025164681 0.2676176890156919 0.027017698269946495 0.02853067047075608
0 0.7526646838933634 0.2664764621968616 0.017339716800115056 0.030527817403709023
0 0.6929837981627351 0.2944365192582026 0.024598202902488635 0.029671897289586302
0 0.6974195396697412 0.3238231098430813 0.02298520599085006 0.025962910128388028
0 0.807506578889076 0.34807417974322397 0.04637366120961 0.013124108416547764
0 0.8026675881541601 0.3724679029957204 0.04395416584215198 0.015406562054208317
0 0.800449717400657 0.4426533523537803 0.020162461395482636 0.05534950071326672