0 0.32827250699090793 0.22548185941043083 0.06768505298781603 0.01814058956916098
0 0.3768464861939289 0.23356009070294786 0.04379621075682218 0.012471655328798181
0 0.3372308228275307 0.2515589569160998 0.047379537091471274 0.01190476190476189
0 0.278305011991079 0.26884920634920634 0.016722189561695754 0.02097505668934241
0 0.28188833832572807 0.29095804988662133 0.011944421115496966 0.024092970521541912
0 0.296619791034841 0.28784013605442177 0.013138863227046623 0.02097505668934241
0 0.3139392016523116 0.28883219954648526 0.017518484302728857 0.021258503401360596
0 0.3467863597199282 0.266156462585034 0.03384252649390806 0.010770975056689336
0 0.3933696020703663 0.26346371882086167 0.03224993701184177 0.011621315192743786
0 0.441744507588129 0.23582766439909297 0.018712926414278516 0.021825396825396803
0 0.47498981302626214 0.24277210884353742 0.03503696860545771 0.010770975056689336
0 0.5249573080260911 0.23256802721088435 0.01592589482066257 0.02210884353741499
0 0.5484480028865684 0.2314342403628118 0.014731452709112835 0.02125850340136054
0 0.5970219820895893 0.23511904761904762 0.016722189561695674 0.024092970521541968
0 0.5709433293207544 0.23015873015873017 0.01433330533859636 0.028344671201814053
0 0.6706792456351539 0.2696995464852608 0.01592589482066257 0.024943310657596363
0 0.6384293086233122 0.2708333333333333 0.014731452709112835 0.02182539682539686
0 0.6951653089219226 0.26346371882086167 0.01274071585653015 0.026360544217687076
0 0.7148736037624926 0.2558106575963719 0.01473145270911299 0.023809523809523836
0 0.7294059827863474 0.25510204081632654 0.01313886322704678 0.023809523809523836
0 0.4453278339227781 0.2892573696145125 0.036629558087523925 0.012755102040816313
0 0.4825546130660769 0.2767857142857143 0.03384252649390798 0.011904761904761862
0 0.4998740236835475 0.2619047619047619 0.031055494900292035 0.01473922902494329
0 0.5191841711536009 0.27607709750566894 0.03185178964132514 0.0113378684807256
0 0.40431865475957185 0.28784013605442177 0.01791663167324541 0.019557823129251695
0 0.38799461256839274 0.2871315192743764 0.016722189561695674 0.018707482993197244
0 0.3704761282656638 0.28883219954648526 0.01592589482066257 0.019841269841269882
0 0.35375393870396815 0.28656462585034015 0.015129600079629464 0.019841269841269882
0 0.3380271175685638 0.28769841269841273 0.018712926414278595 0.019841269841269882
0 0.4337815601777977 0.3231292517006803 0.01791663167324541 0.022108843537414935
0 0.4574713287235333 0.33630952380952384 0.03384252649390798 0.0113378684807256
0 0.37923537041702826 0.3307823129251701 0.03224993701184177 0.0113378684807256
0 0.4049158758153467 0.3360260770975057 0.023490694860477303 0.011621315192743786
0 0.2852725909751189 0.3321995464852608 0.03344437912339151 0.011621315192743786
0 0.28586981203089373 0.3579931972789116 0.031055494900292115 0.0113378684807256
0 0.2866661067719269 0.37769274376417233 0.03384252649390806 0.013321995464852576
0 0.28786054888347656 0.3924319727891157 0.017518484302728857 0.02182539682539686
0 0.2842772225488275 0.419359410430839 0.01791663167324541 0.02522675736961455
0 0.34200859127372946 0.40575396825396826 0.012740715856530072 0.0243764172335601
0 0.36609650718998166 0.41496598639455784 0.027870315936159615 0.009353741496598622
0 0.35375393870396815 0.42219387755102045 0.033842526493908016 0.009070294784580546
0 0.36032337031749145 0.4064625850340136 0.027472168565642986 0.012471655328798237
0 0.41009179163206205 0.36054421768707484 0.03185178964132514 0.010204081632653073
0 0.44254080232916215 0.36635487528344673 0.025481431713060144 0.007653061224489832
0 0.4453278339227781 0.35912698412698413 0.02667587382460988 0.00963718820861681
0 0.4146704863930025 0.40731292517006806 0.025481431713060144 0.010487528344671149
0 0.4152677074487774 0.4237528344671202 0.014731452709112835 0.021258503401360596
0 0.4347769286040891 0.4386337868480726 0.016722189561695674 0.0226757369614512
0 0.4475176444606192 0.40575396825396826 0.01592589482066257 0.01899092970521543
0 0.4795685077872027 0.4192176870748299 0.014731452709112835 0.0226757369614512
0 0.49509625523734874 0.39781746031746035 0.018712926414278516 0.020124716553287958
0 0.5020638342213886 0.36054421768707484 0.020305515896344883 0.027210884353741527
0 0.516397139559985 0.4145408163265306 0.017518484302728937 0.024943310657596363
0 0.5341146975479721 0.4070294784580499 0.019111073784795145 0.02692743764172334
0 0.551633181850701 0.4054705215419501 0.013537010597563254 0.023809523809523836
0 0.564971118763006 0.4070294784580499 0.011944421115496888 0.02692743764172334
0 0.5789062767310856 0.40447845804988664 0.01791663167324541 0.025510204081632626
0 0.5970219820895893 0.4060374149659864 0.01592589482066257 0.024943310657596363
0 0.6127488032249937 0.40462018140589573 0.01274071585653015 0.022959183673469385
0 0.6286746980456563 0.4061791383219955 0.01592589482066257 0.022108843537414935
0 0.6463922560336435 0.40575396825396826 0.01433330533859636 0.022959183673469385
0 0.6633135192805975 0.40717120181405897 0.013138863227046623 0.0226757369614512
0 0.6963597510334724 0.3914399092970522 0.014731452709112835 0.021258503401360596
0 0.7128828669099099 0.3922902494331066 0.0163240421911792 0.022108843537414935
0 0.7296050564716056 0.3912981859410431 0.016722189561695674 0.0226757369614512
0 0.5331193291216807 0.35331632653061223 0.01791663167324541 0.023809523809523836
0 0.5502396660538931 0.35331632653061223 0.017518484302728937 0.023809523809523836
0 0.5663646345598139 0.3553004535147392 0.014731452709112835 0.030045351473922954
0 0.5737303609143704 0.32454648526077096 0.03185178964132514 0.013605442176870763
0 0.5156008448189519 0.3302154195011338 0.035435115975974346 0.012471655328798237
0 0.4976842131457064 0.29237528344671204 0.036629558087523925 0.008219954648526095
0 0.5619850134841317 0.27409297052154197 0.01791663167324541 0.02607709750566889
0 0.5808970135836685 0.2729591836734694 0.01433330533859636 0.02607709750566889
0 0.5972210557748477 0.27366780045351474 0.0163240421911792 0.023809523809523836
0 0.6236978559141992 0.29039115646258506 0.029861052788742456 0.00963718820861681
0 0.6451978139220939 0.3058390022675737 0.015129600079629464 0.0226757369614512
0 0.6155358348186096 0.32086167800453513 0.03224993701184177 0.012471655328798237
0 0.5922442136433906 0.33531746031746035 0.03065734752977556 0.008503401360544172
0 0.6278784033046232 0.3469387755102041 0.03822214756959029 0.013321995464852576
0 0.7114893511131017 0.3102324263038549 0.01791663167324541 0.0243764172335601
0 0.7290078354158307 0.31079931972789115 0.019111073784795145 0.027210884353741527
0 0.6854106983442668 0.2871315192743764 0.031055494900292035 0.011621315192743786
0 0.7071097300374196 0.36621315192743764 0.012740715856530072 0.022108843537414935
0 0.7302022775273804 0.3506235827664399 0.016722189561695674 0.02069160997732422