0 0.40869309248643115 0.2088445078459344 0.042341168930513415 0.013124108416547764
0 0.49639979955678026 0.24365192582025677 0.0540353965398933 0.012838801711840209
0 0.5958007342365091 0.24236804564907274 0.05161590117243529 0.012268188302425098
0 0.7536728069631375 0.19686162624821682 0.07903684867029166 0.015691868758915817
0 0.7260502348513264 0.24179743223965763 0.055245144223622235 0.013124108416547764
0 0.2766289703460205 0.3312410841654779 0.07097186411209856 0.00912981455064199
0 0.18065565410352363 0.35534950071326676 0.035082682828139616 0.00941512125534949
0 0.31231652701602464 0.37375178316690444 0.026211199814127287 0.012268188302425154
0 0.22299682303403695 0.38359486447931523 0.01935596293966327 0.010841654778887322
0 0.2530388905133059 0.3803138373751783 0.017339716800114976 0.014835948644793207
0 0.22440819533172074 0.3557774607703281 0.012903975293108822 0.016833095577746038
0 0.23872354292251333 0.3557774607703281 0.012097476837289536 0.01854493580599148
0 0.3665535481698727 0.3746077032810271 0.01814621525593434 0.01740370898716115
0 0.5492254484129445 0.3346647646219686 0.04476066429797127 0.012838801711840264
0 0.23065855836432034 0.5068473609129814 0.026211199814127287 0.0077032810271040475
0 0.2455787797969774 0.49600570613409417 0.012903975293108822 0.015121255349500706
0 0.2631201212110472 0.4884450784593438 0.01008123069774124 0.016547788873038538
0 0.209084724671154 0.49286733238231095 0.013710473748928108 0.016547788873038483
0 0.18549464483843942 0.4563480741797432 0.013307224521018466 0.022824536376604865
0 0.1949710016943162 0.4550641940085592 0.012500726065199178 0.014835948644793207
0 0.23731217062482957 0.4469329529243937 0.023388455218759784 0.005991440798858827
0 0.23025530913641065 0.44022824536376604 0.027420947497856295 0.00941512125534949
0 0.21271396772234086 0.42582025677603424 0.011290978381470248 0.015121255349500706
0 0.24517553056906777 0.4148359486447932 0.011290978381470248 0.016262482168330927
0 0.226424441471269 0.41569186875891584 0.013710473748928108 0.014550641940085596
0 0.2729997272948337 0.4463623395149786 0.009677981469831596 0.01883024251069898
0 0.2832825826065298 0.4442225392296719 0.009274732241921954 0.0196861626248217
0 0.29054106870890345 0.4423680456490727 0.008064984558193024 0.016547788873038538
0 0.3409472221976098 0.4225392296718973 0.020968959851301844 0.007417974322396548
0 0.302638545546193 0.4607703281027104 0.020968959851301844 0.007132667617689048
0 0.2883231979554004 0.4666191155492154 0.029840442865314155 0.007417974322396548
0 0.24336090904347432 0.4674750356633381 0.022178707535030776 0.0077032810271041585
0 0.4286539292679589 0.5035663338088445 0.02016246139548248 0.007417974322396548
0 0.4324847969331006 0.437660485021398 0.013307224521018466 0.005706134094151216
0 0.3953858679654127 0.4209700427960057 0.026211199814127364 0.005991440798858827
0 0.3619161820489117 0.41283880171184023 0.014920221432657038 0.012838801711840264
0 0.44639689529598353 0.4114122681883024 0.017339716800115056 0.007988587731811658
0 0.47664058738920734 0.4159771754636234 0.013710473748928186 0.014550641940085596
0 0.47704383661711697 0.4550641940085592 0.008468233786102746 0.01768901569186876
0 0.43611403998428744 0.46276747503566334 0.013710473748928186 0.015121255349500706
0 0.4002248587003285 0.4691868758915834 0.008064984558193024 0.014550641940085596
0 0.39095012645840654 0.46704707560627673 0.010081230697741318 0.015691868758915817
0 0.3810705203746201 0.44479315263908703 0.012097476837289456 0.014550641940085596
0 0.37361040965829156 0.44664764621968617 0.01129097838147017 0.014835948644793207
0 0.3601015605233182 0.4659058487874465 0.01129097838147017 0.014835948644793207
0 0.33247898841150714 0.4680456490727532 0.022178707535030776 0.00941512125534949
0 0.3486089575278932 0.4680456490727532 0.013307224521018466 0.01768901569186876
0 0.3967972402630965 0.4266761768901569 0.022581956762940496 0.005991440798858827
0 0.3413504714255195 0.507132667617689 0.004435741507006155 0.001141226818830221
0 0.31231652701602464 0.5055634807417975 0.025001452130398356 0.00884450784593449
0 0.5264418670360492 0.3751783166904422 0.025001452130398356 0.011126961483594822
0 0.5891471219759999 0.37475035663338085 0.03064694132113352 0.0077032810271041585
0 0.6351175339577002 0.3476462196861626 0.025001452130398356 0.007132667617689048
0 0.6375370293251581 0.361055634807418 0.020968959851301924 0.010271041369472211
0 0.6365289062553839 0.3756062767475036 0.025807950586217644 0.005420827389443605
0 0.6863301859022258 0.35805991440798857 0.013307224521018466 0.014265335235377985
0 0.638746777008887 0.39101283880171184 0.024598202902488635 0.0097004279600571
0 0.6375370293251581 0.40955777460770326 0.02298520599085006 0.007988587731811658
0 0.596002358850464 0.40228245363766046 0.013710473748928186 0.01854493580599148
0 0.5790658912782587 0.41554921540656203 0.013307224521018466 0.01825962910128387
0 0.52563536858023 0.4186875891583452 0.012097476837289456 0.01883024251069898
0 0.5784610174363942 0.45534950071326674 0.013710473748928186 0.012553495007132653
0 0.5276516147197782 0.45477888730385163 0.010887729153560606 0.013980028530670485
0 0.5619277990920986 0.4900142653352354 0.02298520599085006 0.00912981455064199
0 0.5322889808407393 0.49472182596291014 0.010484479925650884 0.01854493580599148
0 0.5153525132685339 0.49029957203994295 0.012500726065199178 0.016547788873038538
0 0.5357165992779712 0.5275320970042796 0.013710473748928186 0.015977175463623317
0 0.5484189499571251 0.5286733238231098 0.010484479925650884 0.01768901569186876
0 0.5734204020875235 0.5172610556348074 0.01532347066056676 0.016833095577746038
0 0.5857195035387679 0.5399429386590585 0.013307224521018466 0.012268188302425154
0 0.5988251034458316 0.5380884450784593 0.009677981469831596 0.015121255349500817
0 0.6085030849156632 0.5375178316690442 0.013710473748928186 0.013409415121255375
0 0.6171729433157207 0.5171184022824536 0.010081230697741318 0.01797432239657626
0 0.6274557986274167 0.5151212553495007 0.008468233786102746 0.016833095577746038
0 0.6373354047112032 0.5164051355206847 0.010081230697741318 0.01740370898716126
0 0.6480215092508089 0.5148359486447931 0.009677981469831596 0.014835948644793095
0 0.6389484016228418 0.42510699001426533 0.025001452130398356 0.00884450784593438
0 0.6391500262367966 0.43937232524964337 0.026211199814127364 0.010271041369472211
0 0.6411662723763449 0.4542082738944365 0.026211199814127364 0.007417974322396548
0 0.6899594289534127 0.41626248216833095 0.0129039752931089 0.013409415121255375
0 0.6409646477623901 0.482453637660485 0.014516972204747474 0.01740370898716115
0 0.7014520319488378 0.5011412268188302 0.0129039752931089 0.016547788873038538
0 0.7351233424792937 0.5109843081312411 0.014516972204747474 0.015121255349500817
0 0.776254763726078 0.5105563480741797 0.014516972204747474 0.013980028530670374
0 0.7925863574564189 0.5082738944365193 0.013307224521018466 0.016547788873038538