0 0.2786452164855688 0.26105563480741795 0.01653321834429569 0.021112696148359533
0 0.2953800594438193 0.26134094151212556 0.014920221432657116 0.022253922967189754
0 0.3115100285602053 0.2721825962910128 0.010887729153560606 0.022824536376604865
0 0.32300263155563036 0.27232524964336663 0.013307224521018466 0.022539229671897254
0 0.39417612028168375 0.23523537803138372 0.014920221432657038 0.020542082738944367
0 0.41837107395626283 0.2340941512125535 0.012500726065199178 0.021398002853067033
0 0.4409530307192032 0.2333808844507846 0.012500726065199178 0.021398002853067033
0 0.4637366120960985 0.2348074179743224 0.012097476837289456 0.021398002853067033
0 0.5677749128967885 0.23780313837375178 0.011694227609379892 0.021112696148359478
0 0.5306759839291005 0.2426533523537803 0.03064694132113352 0.010556348074179767
0 0.6762489552044846 0.23366619115549214 0.04072817201887468 0.011126961483594877
0 0.6409646477623901 0.25035663338088443 0.03508268282813967 0.014265335235378013
0 0.6137453248784887 0.26405135520684736 0.0302436920932238 0.010556348074179711
0 0.5899536204318192 0.28730385164051353 0.01774296602802462 0.022824536376604865
0 0.6083014603017084 0.2877318116975749 0.015726719888476324 0.024536376604850196
0 0.6266493001715975 0.28744650499286734 0.012097476837289456 0.023965763195435086
0 0.6401581493065708 0.2863052781740371 0.014920221432657038 0.025677603423680417
0 0.6574978661066858 0.28659058487874467 0.01653321834429561 0.025962910128388028
0 0.6831041920789487 0.2867332382310984 0.014920221432657038 0.025677603423680417
0 0.7014520319488378 0.2871611982881598 0.015323470660566682 0.023395149786019975
0 0.7175820010652239 0.2860199714693295 0.015726719888476483 0.025677603423680417
0 0.7286713548327393 0.2747503566333809 0.02782419672576594 0.010841654778887322
0 0.6653612260509241 0.26576319543509275 0.0334696859165011 0.010841654778887322
0 0.5042631595010184 0.263623395149786 0.029840442865314232 0.011126961483594822
0 0.48752831654276796 0.27646219686162626 0.02701769826994665 0.013694721825962874
0 0.5226109993709076 0.27660485021398 0.033469685916500944 0.011697574893009932
0 0.5080940271661601 0.29144079885877316 0.03185668900486237 0.008559201141226769
0 0.5643472944595564 0.2888730385164051 0.032259938232772095 0.0097004279600571
0 0.5786626420503491 0.32439372325249644 0.012500726065199178 0.023395149786019975
0 0.37683640348156877 0.29386590584878747 0.028630695181585224 0.0097004279600571
0 0.3540528221046735 0.27275320970042793 0.019355962939663234 0.021683309557774644
0 0.3207847608021273 0.2893009985734665 0.028630695181585224 0.011126961483594822
0 0.2953800594438193 0.3131241084165478 0.015726719888476404 0.023965763195435086
0 0.27743546880183984 0.3145506419400856 0.018549464483843908 0.022824536376604865
0 0.2786452164855688 0.3566333808844508 0.018549464483843908 0.01797432239657637
0 0.3036466686159672 0.3724679029957204 0.014920221432657116 0.021398002853067033
0 0.2796533395553429 0.3958630527817404 0.01774296602802462 0.024821683309557807
0 0.29719468096941276 0.39743223965763197 0.01774296602802462 0.01940085592011409
0 0.31392952392766327 0.39557774607703283 0.010484479925650962 0.021683309557774644
0 0.3812721449885749 0.3465049928673324 0.033872935144410664 0.015406562054208317
0 0.35748044054190553 0.3365192582025678 0.03467943360022995 0.010841654778887322
0 0.43974328303547433 0.34022824536376606 0.02903394440949479 0.0097004279600571
0 0.46272848902632435 0.3286733238231098 0.03467943360022995 0.012553495007132653
0 0.49297218111954827 0.33067047075606276 0.02903394440949479 0.013124108416547764
0 0.5115216456033922 0.362339514978602 0.012097476837289456 0.023680456490727475
0 0.4439773999285256 0.356490727532097 0.018549464483843908 0.024536376604850196
0 0.4617203659565503 0.3549215406562054 0.015726719888476324 0.022824536376604865
0 0.4748259658636139 0.3559201141226819 0.013710473748928186 0.023965763195435086
0 0.33409198532314577 0.41069900142653354 0.01653321834429569 0.023395149786019975
0 0.3530446990348994 0.4125534950071327 0.012500726065199178 0.025677603423680417
0 0.3689730435373305 0.41126961483594865 0.014920221432657038 0.02824536376604847
0 0.3836916403560328 0.41184022824536376 0.013710473748928186 0.023965763195435086
0 0.40163623099801227 0.4085592011412268 0.013307224521018466 0.025962910128388028
0 0.4161532032027597 0.4085592011412268 0.015726719888476324 0.025962910128388028
0 0.43288804616101023 0.40741797432239657 0.014113722976837752 0.029957203994293913
0 0.4478082675936673 0.40841654778887304 0.01774296602802462 0.02710413694721825
0 0.4641398613240082 0.4087018544935806 0.01532347066056676 0.02710413694721825
0 0.47865683352875565 0.4098430813124108 0.015726719888476324 0.025677603423680417
0 0.49639979955678026 0.3957203994293866 0.0334696859165011 0.013694721825962874
0 0.5032550364312444 0.41569186875891584 0.01653321834429561 0.02710413694721825
0 0.5363214731198357 0.39372325249643364 0.03145343977695281 0.011982881597717543
0 0.55446768837577 0.405848787446505 0.019355962939663192 0.0196861626248217
0 0.5274499901058234 0.4195435092724679 0.01532347066056676 0.022539229671897254
0 0.5768480205247556 0.44022824536376604 0.018549464483843908 0.023395149786019975
0 0.5988251034458316 0.40898716119828815 0.028630695181585224 0.013694721825962874
0 0.5550725622176345 0.3360912981455064 0.02782419672576594 0.010841654778887322
0 0.5647505436874661 0.34308131241084167 0.02419495367457907 0.00941512125534949
0 0.5689846605805174 0.36034236804564906 0.03508268282813967 0.010556348074179711
0 0.5685814113526078 0.3683309557774608 0.029840442865314232 0.010841654778887322
0 0.6008413495853798 0.35805991440798857 0.028630695181585224 0.011126961483594822
0 0.6048738418644763 0.3360912981455064 0.029840442865314232 0.0099857346647646
0 0.629472044766965 0.3325249643366619 0.03185668900486237 0.011697574893009932
0 0.7270583579211006 0.3286733238231098 0.029033944409494947 0.0077032810271041585
0 0.7258486102373716 0.357774607703281 0.032259938232772095 0.011697574893009932
0 0.7274616071490102 0.39500713266761767 0.020162461395482636 0.022824536376604865
0 0.7248404871675975 0.37760342368045646 0.032259938232772095 0.010841654778887322
0 0.6748375829068007 0.4049928673323823 0.015726719888476324 0.022824536376604865
0 0.6637482291392853 0.4226818830242511 0.03669567973977825 0.00941512125534949
0 0.6530621245996796 0.4065620542082739 0.03064694132113352 0.010556348074179711
0 0.6474166354089446 0.41554921540656203 0.032259938232772095 0.0097004279600571
0 0.7248404871675975 0.41897289586305275 0.014920221432657038 0.022253922967189754
0 0.6853220628324517 0.46704707560627673 0.0334696859165011 0.011697574893009932
0 0.5992283526737413 0.42524964336661913 0.019759212167572916 0.02054208273894431
0 0.39619236642123196 0.2743223965763195 0.019759212167572916 0.01940085592011409
0 0.4117174616957536 0.27503566333808843 0.015726719888476324 0.022539229671897254
0 0.4282506800400493 0.27403708987161196 0.01814621525593434 0.025962910128388028
0 0.36433567741636963 0.3067047075606277 0.01532347066056676 0.0196861626248217