0 0.19655128761574076 0.25373183957438106 0.01115813078703709 0.01769490484960101
0 0.20664243344907407 0.24085072641702474 0.00741464120370372 0.011336198076529639
0 0.24231409143518517 0.22585942295887046 0.00819227430555558 0.016881522406384294
0 0.17713758680555555 0.23343564559034174 0.007251880787037035 0.017531205238387613
0 0.1780056423611111 0.34344689993861266 0.01135706018518523 0.030795989359525284
0 0.19570131655092593 0.3402828933906282 0.00833695023148151 0.019643953345610813
0 0.21198640046296297 0.3382161857990587 0.00991030092592593 0.021777163904235706
0 0.2232078269675926 0.3142137303048905 0.00752314814814814 0.01340802128094945
0 0.20499674479166666 0.2841774094536526 0.009205005787037035 0.017613055043994234
0 0.23310908564814814 0.2743477593615715 0.00808376736111116 0.014809699201964326
0 0.2435619212962963 0.2590290566809904 0.008083767361111105 0.014809699201964404
0 0.24867078993055558 0.23978156333128708 0.00811993634259256 0.015500306936771034
0 0.27321144386574076 0.2505192347043176 0.009765625 0.019014732965009187
0 0.28907154224537035 0.20763505217925107 0.00868055555555558 0.01690198485778591
0 0.30138708043981477 0.2652573153263761 0.01130280671296302 0.02045733578882753
0 0.28012876157407407 0.2658021280949458 0.00931351273148151 0.019684878248414122
0 0.28854709201388884 0.30974524248004914 0.01095920138888884 0.023199304276652354
0 0.2616644965277778 0.29633722119909967 0.01103153935185186 0.024580519746265614
0 0.24675383391203703 0.2872723552281563 0.00871672453703709 0.017592592592592538
0 0.3399070457175926 0.21588653570697766 0.00927734375 0.018994270513607494
0 0.31759982638888884 0.25246572539390216 0.00983796296296302 0.020395948434622446
0 0.3260633680555556 0.27391293226928587 0.01242404513888884 0.023260691630857436
0 0.34726743344907407 0.2910195416410886 0.01128472222222221 0.029414773889912024
0 0.3419053819444444 0.3054327808471455 0.00904224537037046 0.023808062205852208
0 0.3270941840277778 0.2935952527112748 0.0072518807870369795 0.017531205238387613
0 0.3149775752314815 0.29583333333333334 0.00927734375 0.018994270513607494
0 0.2817111545138889 0.31937538367096374 0.00916883680555558 0.016922447309187603
0 0.29085286458333337 0.3584433190096174 0.0082646122685186 0.018262737875997474
0 0.28539134837962965 0.3662855535093104 0.0107060185185186 0.018365050133005947
0 0.32101779513888884 0.3644464906895846 0.01115813078703698 0.01769490484960101
0 0.33226634837962965 0.34563382443216695 0.00938585069444442 0.02106609371802738
0 0.3314163773148148 0.32006087579292003 0.01025390625 0.019035195416410883
0 0.3553602430555556 0.35677818702680575 0.01276765046296302 0.020518723143032613
0 0.14357277199074076 0.405450685492122 0.01265914351851849 0.01844689993861272
0 0.10112847222222222 0.3892341927562922 0.012659143518518517 0.01844689993861272
0 0.22544126157407407 0.4082489257213014 0.012134693287037035 0.017735829752404397
0 0.17447916666666666 0.4536423163494987 0.010959201388888895 0.023199304276652354
0 0.13330982349537035 0.4477542459586658 0.01280381944444442 0.02120933087783924
0 0.1528049045138889 0.4369014732965009 0.01303891782407407 0.01639553918559437
0 0.11803747106481483 0.5065326376099856 0.013400607638888895 0.023301616533660825
0 0.13754159432870372 0.5098680171884592 0.01126663773148151 0.0197667280540209
0 0.15028211805555555 0.4868400859422959 0.010669849537037035 0.017674442398199316
0 0.18221932870370372 0.48930836914262327 0.00969328703703709 0.017633517495395927
0 0.1904658564814815 0.4879245958665848 0.00924117476851849 0.018303662778800862
0 0.1572808159722222 0.527036013914467 0.01303891782407407 0.01639553918559437
0 0.13691767939814814 0.5680325352977287 0.00900607638888884 0.023117454471045577
0 0.14842845775462965 0.5682422754245958 0.00980179398148151 0.019705340699815818
0 0.16951497395833331 0.5504015756087579 0.00980179398148151 0.019705340699815818
0 0.19155092592592593 0.5273301616533661 0.01123046875 0.019076120319214268
0 0.2143012152777778 0.541257417638633 0.01235170717592593 0.021879476161244176
0 0.23698820891203703 0.5119296091671782 0.009982638888888895 0.023158379373848965
0 0.22619176793981483 0.48331287088193164 0.00972945601851849 0.01832412523020256
0 0.20828812210648148 0.4684903826478412 0.009494357638888895 0.023137916922447273
0 0.15494791666666669 0.7067398199304277 0.0229673032407407 0.06642623286269697
0 0.15842918113425924 0.6190403110292614 0.01287615740740744 0.0225905463474525
0 0.1678783275462963 0.6079164108860242 0.006510416666666685 0.012676488643339354
0 0.1765679253472222 0.6009770820544301 0.01025390625 0.019035195416410883
0 0.186767578125 0.5995114589727849 0.007251880787037035 0.017531205238387613
0 0.18172200520833334 0.5779210149375895 0.011158130787037035 0.01769490484960101
0 0.21284541377314814 0.574194290976059 0.00868055555555558 0.01690198485778591
0 0.2369701244212963 0.567646306527522 0.009205005787037035 0.017613055043994234
0 0.2659866898148148 0.3882085123797831 0.00826461226851849 0.018262737875997474
0 0.2568088107638889 0.4138556374053612 0.01797598379629628 0.045544301207284525
0 0.2726869936342593 0.43672242684673623 0.01014539930555558 0.01696337221199099
0 0.28385416666666663 0.46774606097810517 0.00934968171296302 0.020375485983220754
0 0.2470703125 0.44748567628401886 0.00969328703703709 0.017633517495395927
0 0.30220992476851855 0.39776447718436675 0.00942201967592593 0.021756701452834013
0 0.3304398148148148 0.39485113566605284 0.00717954282407407 0.016149989768774197
0 0.3350694444444444 0.37112492326580726 0.0102177372685186 0.01834458768160425
0 0.3331886574074074 0.42864998976877433 0.01039858217592593 0.021797626355637402
0 0.3423213252314815 0.4535297728667894 0.01018156828703698 0.017653979946797623
0 0.3702709056712963 0.44059238796807854 0.009765625 0.019014732965009187
0 0.3699815538194444 0.46309852670349905 0.009765625 0.019014732965009187
0 0.27290400752314814 0.5343027419684878 0.00998263888888884 0.023158379373848965
0 0.28144892939814814 0.5526319828115408 0.00920500578703698 0.017613055043994234
0 0.2824435763888889 0.5809673623900143 0.01412398726851849 0.018508287292817647
0 0.27060727719907407 0.5932294863924699 0.00972945601851849 0.01832412523020256
0 0.23962854456018517 0.5997186412932269 0.0107421875 0.019055657867812575
0 0.2623155381944444 0.6264528340495191 0.00983796296296302 0.020395948434622446
0 0.2837547019675926 0.6200173930836914 0.01186342592592593 0.021859013709842483
0 0.29658564814814814 0.6547779824022918 0.01108579282407407 0.01631368937998775
0 0.27728045428240744 0.6645846122365459 0.0116825810185186 0.018405975035809333
0 0.29299587673611116 0.7123746674851646 0.01227936921296302 0.020498260691630917
0 0.3330439814814815 0.650135563740536 0.008933738425925819 0.021736239001432317
0 0.3244900173611111 0.6176181706568447 0.01217086226851849 0.01842643748721103
0 0.3220757378472222 0.59487927153673 0.0098017939814814 0.019705340699815818
0 0.3105830439814815 0.5669838346633927 0.01388888888888884 0.041927562922038135
0 0.32392939814814814 0.560195416410886 0.01166449652777779 0.02736341313689383
0 0.33891239872685186 0.5799851647227338 0.00924117476851849 0.018303662778800862
0 0.3570511429398148 0.5992966032330673 0.01014539930555558 0.01696337221199099
0 0.3616988570601852 0.6413213627992633 0.01077835648148151 0.019746265602619207
0 0.2870370370370371 0.5098322078985063 0.01047092013888884 0.02317884182525066
0 0.2791069878472222 0.7461786372007366 0.01182725694444442 0.021168405975035852
0 0.29109700520833337 0.7602107632494373 0.00934968171296302 0.020375485983220754
0 0.3583622685185185 0.7317833026396563 0.00940393518518512 0.030714139553918506
0 0.3815013744212963 0.8512430939226519 0.01869936342592593 0.05935645590341712
0 0.6249457465277778 0.1689891549007571 0.01379846643518512 0.012292817679558019
0 0.6457338686342593 0.15012277470841007 0.01544415509259256 0.015807243707796213
0 0.66455078125 0.13099294045426643 0.01425057870370372 0.011622672396153043
0 0.6773274739583333 0.11799928381420094 0.013653790509259078 0.0095303867403315
0 0.6872106481481481 0.11516267648864334 0.01379846643518512 0.012292817679558019
0 0.7098343460648149 0.11732913853079599 0.01763237847222232 0.011075301821158156
0 0.7250434027777778 0.12741968487824842 0.0136899594907407 0.010220994475138129
0 0.6985857928240741 0.1361418047882136 0.01962167245370372 0.011847759361571524
0 0.6810890480324074 0.1524478207489257 0.01379846643518512 0.012292817679558019
0 0.6872196903935185 0.1760691630857377 0.01132089120370372 0.011499897687742957
0 0.6667932581018519 0.19249795375485984 0.0102719907407407 0.010077757315326388
0 0.6426414207175926 0.2031998158379374 0.01578776041666652 0.013065275219971386
0 0.6615668402777777 0.2141728054020872 0.01567925347222232 0.010993452015551497
0 0.6715856481481481 0.22794147738899123 0.013726128472222321 0.01091160220994472
0 0.693115234375 0.22323255576018008 0.01676432291666674 0.013106200122774775
0 0.7099971064814814 0.21387354205033762 0.013726128472222321 0.01091160220994472
0 0.7276656539351852 0.22420708000818496 0.01571542245370372 0.011684059750358126
0 0.7461389612268519 0.23589113975854306 0.0151548032407407 0.010282381829343172
0 0.7207845052083333 0.23764579496623695 0.02701822916666652 0.013535911602209882
0 0.7082338686342593 0.2596275833844895 0.012677228009259078 0.00948946183752815
0 0.7787724247685185 0.15354511970534068 0.0127133969907407 0.01018006957233478
0 0.7586263020833333 0.14262328626969512 0.013906973379629761 0.01436464088397787
0 0.7660499855324074 0.1302000204624514 0.0127133969907407 0.01018006957233478
0 0.7788447627314814 0.13623900143237158 0.014811197916666519 0.013024350317167997
0 0.799976490162037 0.13327706159197872 0.01282190393518512 0.01225189277675467
0 0.8199327256944444 0.11721403724166156 0.0136357060185186 0.03709330877839165
0 0.8046694155092593 0.18083691426232862 0.01672815393518512 0.012415592387968067
0 0.7884295428240741 0.17909504808676077 0.01387080439814814 0.01367403314917124
0 0.7672345196759259 0.2135512584407612 0.01718026620370372 0.011745447104563132
0 0.7608868634259259 0.18578626969510947 0.01473885995370372 0.011643134847554738
0 0.5349030671296297 0.4586095764272559 0.01578776041666674 0.01306527521997123
0 0.511791087962963 0.48449457745037855 0.01296657986111116 0.015014323715981267
0 0.5586208767361112 0.41158942091262535 0.01150173611111116 0.014952936361776185
0 0.5635036892361112 0.6262891344383057 0.01904296875 0.019403519541641063
0 0.5659089265046297 0.6441835481890731 0.01680049189814814 0.013796807857581247
0 0.5665509259259259 0.6611136689175363 0.01680049189814814 0.013796807857581247
0 0.5770670572916667 0.6890500306936771 0.01540798611111116 0.015116635972989581
0 0.620849609375 0.618695007161858 0.01822916666666674 0.0131675874769797
0 0.599609375 0.6382724575404134 0.01833767361111116 0.01523941068139959
0 0.5917607060185186 0.7126585839983631 0.014883535879629761 0.014405565786781415
0 0.5741373697916666 0.7265474728872517 0.01815682870370372 0.01178637200736644
0 0.584716796875 0.7323332310210762 0.014214409722222321 0.010932064661346257
0 0.5852141203703703 0.7465009208103132 0.01522714120370372 0.011663597298956276
0 0.5880172164351852 0.7626483527726622 0.01620370370370372 0.011704522201759663
0 0.5830982349537037 0.7808497032944546 0.01432291666666674 0.013003887865766147
0 0.8146610966435186 0.6005371393492941 0.0360966435185186 0.019429097605893102