0 0.7745410428970381 0.7656113102349661 0.023742159959712697 0.03086419753086419
0 0.08267637229318317 0.7116089207487057 0.03971981870622166 0.02062923138191959
0 0.5641715881518107 0.9491039426523297 0.03352103648766193 0.01827956989247312
0 0.7536464771322621 0.3435483870967742 0.03971066245479099 0.01955396256471529
0 0.2682140731584489 0.5144165671047392 0.04716385111935175 0.02409398645957784
0 0.2951105617360253 0.11754281162883314 0.026058691571670567 0.012664277180406205
0 0.8610401501625234 0.7651732377538829 0.02376047246257376 0.03301473516527279
0 0.4367211463626791 0.13124253285543608 0.03722931831708096 0.01839904420549582
0 0.9449938195302843 0.75605336519315 0.025033191411436125 0.037355635205097715
0 0.9701872453417569 0.37686180804460373 0.04219200659250088 0.020708880923934664
0 0.09841139037677975 0.8905615292712067 0.04094675639793067 0.019593787335722767
0 0.7763585588060249 0.3985663082437276 0.04591860092478154 0.022978892871366063
0 0.9184635810099344 0.7605734767025089 0.024978253902852375 0.03090402230187191
0 0.06162157212837064 0.41585025886101157 0.037256787071372977 0.021624850657108695
0 0.04677471043354851 0.2686379928315412 0.043437256787071374 0.021823974512146564
0 0.5478643043537975 0.12246117084826762 0.031030536098521227 0.01604938271604938
0 0.45421416472096326 0.8794504181600956 0.03105800485281324 0.019275189167662223
0 0.5018083596575562 0.881521306252489 0.019878221855972104 0.012465153325368397
0 0.08533168520807581 0.15270808442851455 0.029812754658242926 0.018160095579450447
0 0.6349356773336996 0.9148347272003186 0.04461841322162702 0.015412186379928234
0 0.9714370736620427 0.4510752688172043 0.03473881792794012 0.016168857029072115
0 0.7683743075584855 0.3316606929510155 0.03971981870622152 0.02062923138191959
0 0.5600512750080117 0.9005973715651134 0.021114315799111782 0.012504978096375874
0 0.9949915304674267 0.7652927120669055 0.01001693906514655 0.04567901234567881
0 0.42865906697797923 0.055197132616487454 0.029785285903950878 0.014934289127837511
0 0.7840818568877901 0.289705296694544 0.028778098246577847 0.04177618478693747
0 0.3633475255230509 0.5121067303863003 0.04713638236505974 0.020868180007964938
0 0.2070365792244655 0.1507168458781362 0.028540035709380598 0.013819195539625642
0 0.6215034564849151 0.9337514934289128 0.03227578629309158 0.01716447630426134
0 0.6919928581238842 0.8672242134607726 0.018779471684292358 0.028554360812425437
0 0.07544293366295839 0.6603146156909598 0.0484091013139221 0.025209080047789618
0 0.5495261639884631 0.8255475906013542 0.0384470997573593 0.01628833134209491
0 0.0901570297120359 0.13888888888888892 0.04714553861649041 0.021943448825169236
0 0.6046193288467702 0.5472919155714855 0.029785285903950878 0.014934289127837543
0 0.6389873185917685 0.30223018717642375 0.016261502540859785 0.023098367184388735
0 0.5064139541271803 0.8418956590999602 0.03845625600878997 0.01736360015929921
0 0.5056951883898733 0.9026085225009955 0.021123472050542595 0.013580246913580174
0 0.5739733553083367 0.8666467542811629 0.017515908986860805 0.02528872958980506
0 0.6028201254406446 0.4811230585424134 0.03103053609852137 0.016049382716049318
0 0.28798699812296846 0.1517124651533254 0.03225747379023024 0.015013938669852617
0 0.5935585771185277 0.9172640382317802 0.021123472050542595 0.013580246913580174
0 0.43498603671656827 0.14516129032258066 0.02855834821224201 0.015969733174034245
0 0.20590120404706314 0.8155515730784547 0.02731309801767159 0.014854639585822345
0 0.9370461932884677 0.040402230187176424 0.04835416380533821 0.018757467144563934
0 0.5735750583711029 0.38450816407805655 0.022478597262280863 0.02759856630824381
0 0.5736666208854094 0.9031859816806053 0.02358650368539114 0.01258462763839107
0 0.08381632559630088 0.11987256073277579 0.032275786293091614 0.01716447630426125
0 0.06350318179737216 0.49169653524492235 0.04220116284393169 0.021784149741138965
0 0.1447786476216637 0.7485463958582238 0.026077004074531875 0.01481481481481487
0 0.1328709426360848 0.1483273596176822 0.02731309801767159 0.014854639585822345
0 0.3439454287414732 0.8457984866587017 0.03351188023623126 0.017204301075268817
0 0.8907338735521678 0.7693548387096775 0.028823879503731064 0.04715252887295886
0 0.04469624135878771 0.24223416965352448 0.04097422515222268 0.02281959378733573
0 0.5301332234583161 0.8700716845878136 0.013789314654580427 0.023018717642373537
0 0.50227532848052 0.42843488649940265 0.040928443895069326 0.017443249701314164
0 0.9753605274000823 0.7667064914376742 0.026351691617451708 0.0470728793309439
0 0.6590440873506386 0.5533452807646356 0.07559401181156436 0.02500995619275199
0 0.36400219750034335 0.8066706491437674 0.02855834821224201 0.015969733174034124
0 0.9795769811839032 0.3911389884508164 0.028567504463672542 0.017045001991238668
0 0.10251796914343268 0.8648944643568299 0.029831067161104233 0.020310633213859047
0 0.34228356910680763 0.2878335324571884 0.04839994506249143 0.024133811230585316
0 0.7077782355903494 0.5441656710473916 0.03351188023623126 0.017204301075268817
0 0.31052053289383325 0.4034448426921545 0.055807352469898826 0.023297491039426604
0 0.07627615254314883 0.6856033452807646 0.04588197591905875 0.018677817602548857
0 0.49374170214714097 0.1518916766228594 0.053307695829327456 0.019992035045798506
0 0.06205191594561187 0.4663878932696137 0.0459186009247814 0.022978892871366063
0 0.1705489172732683 0.14685384309040223 0.02606784782310117 0.013739545997610507
0 0.47415648033695007 0.8994424532058941 0.03225747379023024 0.015013938669852738
0 0.21334065833447788 0.7459179609717244 0.022359565993682134 0.013620071684587894
0 0.05336263333791146 0.31668657905217046 0.038502037265943326 0.022739944245320595
0 0.9338781302934579 0.17628434886499403 0.03970150620336046 0.018478693747510988
0 0.43287094263608483 0.11445639187574672 0.029785285903950878 0.014934289127837511
0 0.8338964427963192 0.7702110712863401 0.028833035755161596 0.04822779769016315
0 0.15708007141876115 0.16146953405017922 0.0508355079430481 0.019912385503783308
0 0.5096094858764821 0.12875348466746317 0.027313098017671518 0.014854639585822376
0 0.8005127500801171 0.11501393866985264 0.031030536098521088 0.01604938271604938
0 0.8048665476353981 0.7714257268020708 0.02507897266858934 0.04273197929111922
0 0.6542736803552627 0.1382516925527678 0.0285491919608112 0.014894464356829944
0 0.14224236597536968 0.8135005973715651 0.020061346884585465 0.03397052966945442
0 0.6584580872590762 0.33940661091198726 0.015043721100581449 0.02520908004778974
0 0.16945474522730397 0.8165272799681401 0.020006409376001507 0.027518916766228613
0 0.6352790367623494 0.8825965750696934 0.01752506523829162 0.02636399840700936
0 0.2057409696470265 0.7967343687773796 0.018761159181431158 0.026403823178016834
0 0.7621938378427872 0.11377937076861808 0.031021379847090556 0.014974113898845079
0 0.7201300187703155 0.03556352050975707 0.027313098017671518 0.014854639585822376
0 0.9441560225243786 0.07718040621266427 0.018632971661401612 0.011350059737156498
0 0.6959758274962231 0.028872958980485867 0.04460925697019649 0.014336917562724009
0 0.6210639564162432 0.8821385902031064 0.016197408780845083 0.015571485463958628
0 0.5041157350180836 0.2091995221027479 0.02980359840681222 0.017084826762246146
0 0.5372201620656503 0.9041616885702908 0.022350409742251463 0.01254480286738335
0 0.762065650322758 0.09872560732775786 0.023613972439683016 0.015810434090003975
0 0.29039509224923316 0.36194743130227 0.03227578629309158 0.01716447630426134
0 0.7314837705443391 0.13536439665471922 0.029794442155381407 0.016009557945041844
0 0.7711761204962688 0.37045001991238546 0.06077919699674956 0.026682596575069658
0 0.5300828640754475 0.21111111111111108 0.029794442155381688 0.016009557945041844
0 0.709083001419219 0.47970927917164474 0.03351188023623126 0.017204301075268817
0 0.0636954630774161 0.4417164476304261 0.03478459918509362 0.02154520111509362
0 0.6658517602893375 0.8448825169255277 0.019914846861694792 0.0167662285941856
0 0.6533901020922035 0.10704898446833931 0.034747974179370936 0.017244125846276385
0 0.20751270429886007 0.13407009159697333 0.034738817927940265 0.016168857029072052
0 0.2716385111935174 0.11839904420549582 0.02109600329625051 0.010354440461967332
0 0.6931694364327244 0.9328355236957386 0.04465503822734971 0.01971326164874568
0 0.050666117291580826 0.29026284348864995 0.032294098795952936 0.01931501393866982
0 0.8453371789589341 0.08205894066109119 0.024813441377100006 0.011549183592194368
0 0.17048024538753834 0.13878932696136997 0.02482259762853089 0.012624452409398669
0 0.528132582520716 0.19976105137395458 0.03966488119763777 0.014177618478693784
0 0.6697935265302385 0.29193548387096774 0.02381540997115807 0.039466348068498594
0 0.1604495719452456 0.04924332935085623 0.027294785514810245 0.012704101951413773
0 0.6163988463123197 0.4068498606133014 0.026086160325962653 0.01589008363201917
0 0.47401455843977475 0.8102150537634408 0.04339147552991816 0.01644763042612506
0 0.5714691205420501 0.35487853444842693 0.01747928398113812 0.02098765432098761
0 0.24592317905049674 0.291178813221824 0.04221947534679304 0.02393468737554757
0 0.43151123929863117 0.09990043807248108 0.03970150620336032 0.018478693747510957
0 0.7629721192143936 0.2051772202309837 0.06566863526072424 0.020390282755874123
0 0.49443757725587145 0.16105137395459976 0.02606784782310117 0.013739545997610507
0 0.36961955775305594 0.8133014735165274 0.038428787254498095 0.014137793707686308
0 0.6689648857757633 0.3397451214655515 0.016316440049443534 0.02954998008761454
0 0.6349173648308383 0.3321983273596177 0.02482259762853082 0.012624452409398669
0 0.6378931465458041 0.3914177618478693 0.01747928398113812 0.02098765432098761
0 0.4822277159730807 0.03327359617682198 0.03225747379023024 0.015013938669852647
0 0.38532252895664515 0.84336917562724 0.045854507164766696 0.015452011150935955
0 0.6498054296570983 0.04888490641178813 0.031021379847090556 0.014974113898845079
0 0.2979215309252392 0.3750896057347671 0.047127226113629066 0.019792911190760636
0 0.5152634711349174 0.1396853843090402 0.029776129652520345 0.013859020310633241
0 0.09924460925697019 0.9158502588610116 0.05089044545163209 0.026363998407009114
0 0.1565444307100673 0.17112704101951415 0.028540035709380598 0.013819195539625642
0 0.7874650917914207 0.3242134607726005 0.017488440232568934 0.02206292313819191
0 0.6584718216362221 0.19589804858622065 0.06438676006043134 0.014974113898845079
0 0.6189809092157671 0.8551971326164874 0.016197408780845225 0.015571485463958628
0 0.6647438538662273 0.8598964555953803 0.019896534358833446 0.014615690959777
0 0.43001877031543284 0.0697530864197531 0.027313098017671518 0.014854639585822407
0 0.6126173144714554 0.3255675029868578 0.018697065421416456 0.018876941457586605
0 0.2688275420043034 0.8041417761847869 0.02482259762853082 0.012624452409398546
0 0.5057638602756032 0.03994424532058941 0.02606784782310131 0.013739545997610507
0 0.6197546124616582 0.3655714854639586 0.021123472050542595 0.013580246913580174
0 0.6553998992812343 0.12538829151732378 0.03845625600878997 0.017363600159299088
0 0.6102504234766287 0.26529271206690563 0.019878221855972104 0.012465153325368397
0 0.466533901020922 0.8024492234169655 0.05698850890445448 0.016885702907208276
0 0.5131254864258572 0.10629231381919553 0.02358650368539114 0.01258462763839107
0 0.5089136107677517 0.9177618478693748 0.03472966167650959 0.015093588211867692
0 0.6331685208075813 0.8524293110314617 0.01885272169573773 0.037156511350059845
0 0.10131850020601565 0.9417164476304262 0.04590028842192006 0.02082835523695746
0 0.5132262051915946 0.11812027080844285 0.027294785514810176 0.012704101951413804
0 0.5305269422698348 0.19070091596973318 0.05081719544018676 0.017761847869374705
0 0.9798928718582612 0.8438271604938271 0.04021425628347751 0.03914774990043805
0 0.25120633612599 0.4036837913181999 0.028576660715103213 0.018120270808442848
0 0.715519846174976 0.14721226602947032 0.0582612278533167 0.021226602947033078
0 0.16356269743167148 0.34227399442453205 0.037238474568511634 0.019474313022700092
0 0.7232294098795953 0.32698128235762647 0.02376047246257376 0.03301473516527279
0 0.5657281508950235 0.9142174432497012 0.033502723984800725 0.016129032258064516
0 0.7312914892642951 0.11278375149342891 0.023586503685391422 0.01258462763839107
0 0.27963649681820263 0.40459976105137396 0.02980359840681222 0.017084826762246146
0 0.7679760106212518 0.35744723217841495 0.034757130430801746 0.018319394663480718
0 0.13149292679576982 0.13162086818000798 0.021105159547681183 0.011429709279171633
0 0.13383692716201986 0.11664675428116288 0.02484091013139223 0.01477499004380724
0 0.13000503593828686 0.10201115093588213 0.021132628301973197 0.014655515730784536
0 0.12802728562926338 0.0874352847471127 0.024813441377100218 0.011549183592194368
0 0.12728562926337958 0.07289924332935087 0.02358650368539121 0.01258462763839107
0 0.12407636313693174 0.058821186778176035 0.02482259762853089 0.012624452409398638
0 0.16672618230096597 0.060732775786539225 0.021123472050542526 0.01358024691358025
0 0.28187520029300006 0.08701712465153325 0.023595659936821882 0.013659896455595372
0 0.045698850890445446 0.2148546395858224 0.02978528590395093 0.014934289127837543
0 0.16964244838163256 0.4032058940661091 0.02985853591539625 0.02353643966547195
0 0.16929908895298265 0.3628833134209478 0.024905003891406863 0.02230187176423738
0 0.16463397884905917 0.3229589804858622 0.02986769216682692 0.024611708482676253
0 0.07058554227899098 0.5252489048187974 0.027322254269102227 0.015929908403026646
0 0.6007691251201758 0.8933094384707289 0.013780158403149756 0.021943448825169236
0 0.6448244288788171 0.8425925925925926 0.0138625646660258 0.03162086818000795
0 0.5316897862015291 0.18213859020310633 0.05202582062903442 0.014575866188769401
0 0.5690930732957927 0.8014536041417764 0.015080346106304135 0.02951015531660682
0 0.5981550153367211 0.8040023894862603 0.023723847456851074 0.028713659896455832
0 0.511646751819805 0.8033651931501393 0.01883440919287639 0.03500597371565124
0 0.5392024905003892 0.9192751891676623 0.01996978437027882 0.023217841497411407
0 0.6517557112118298 0.2053564317005177 0.049553632742755205 0.014496216646754326
0 0.6361763494025547 0.18980485862206295 0.027294785514810457 0.012704101951413744
0 0.6367303026141098 0.18229788928713664 0.029766973401089535 0.01278375149342894
0 0.4313738955271712 0.08377140581441657 0.029776129652520345 0.01385902031063321
0 0.054346930366707874 0.7950816407805654 0.021141784553403833 0.015730784547988777
0 0.08276335668177447 0.7943847072879332 0.023604816188252553 0.014735165272799673
0 0.10871217323627708 0.7941457586618879 0.024850066382822868 0.015850258861011695
0 0.26867188572998213 0.7858622062923138 0.029840223412534905 0.021385902031063348
0 0.3048757038868287 0.828952608522501 0.0212791283248638 0.03185981680605329
0 0.3721741519022112 0.8230585424133812 0.04213706908391713 0.01425726802070898
0 0.37411069907979677 0.8327956989247312 0.04337316302705681 0.014297092791716457
0 0.43229409879595293 0.8448825169255277 0.012626470722886122 0.03158104340900047