0 0.7484548825710754 0.2435483870967742 0.021013597033374538 0.02903225806451613
0 0.06118665018541409 0.3172043010752688 0.038318912237330034 0.017204301075268817
0 0.5216316440049443 0.06666666666666667 0.032138442521631644 0.015053763440860216
0 0.7645241038318912 0.6650537634408602 0.038318912237330034 0.016129032258064516
0 0.26390605686032137 0.5086021505376344 0.04573547589616811 0.01935483870967742
0 0.3263288009888752 0.9032258064516129 0.024721878862793572 0.010752688172043012
0 0.8349814585908529 0.2413978494623656 0.021013597033374538 0.03118279569892473
0 0.46662546353522866 0.886021505376344 0.03584672435105068 0.015053763440860216
0 0.9196538936959209 0.2478494623655914 0.022249690976514216 0.035483870967741936
0 0.9783683559950557 0.6258064516129033 0.0407911001236094 0.017204301075268817
0 0.06056860321384425 0.1381720430107527 0.03955500618046971 0.016129032258064516
0 0.7824474660074165 0.6096774193548387 0.04449938195302843 0.01935483870967742
0 0.892459826946848 0.2446236559139785 0.022249690976514216 0.02903225806451613
0 0.06613102595797281 0.6123655913978494 0.03584672435105068 0.01827956989247312
0 0.06427688504326329 0.7596774193548387 0.042027194066749075 0.01827956989247312
0 0.5784919653893696 0.8913978494623656 0.029666254635352288 0.012903225806451613
0 0.4177997527812114 0.139247311827957 0.029666254635352288 0.016129032258064516
0 0.465389369592089 0.13548387096774195 0.018541409147095178 0.010752688172043012
0 0.11310259579728059 0.8741935483870967 0.02843016069221261 0.015053763440860216
0 0.5951792336217553 0.09838709677419355 0.04326328800988875 0.011827956989247311
0 0.9734239802224969 0.5516129032258065 0.03337453646477132 0.012903225806451613
0 0.7805933250927071 0.6763440860215054 0.038318912237330034 0.017204301075268817
0 0.5216316440049443 0.11505376344086021 0.019777503090234856 0.010752688172043012
0 0.9796044499381953 0.23709677419354838 0.02595797280593325 0.04408602150537634
0 0.465389369592089 0.9618279569892473 0.02843016069221261 0.011827956989247311
0 0.799752781211372 0.717741935483871 0.024721878862793572 0.03978494623655914
0 0.35908529048207666 0.5080645161290323 0.04573547589616811 0.016129032258064516
0 0.23485784919653893 0.8731182795698925 0.027194066749072928 0.010752688172043012
0 0.5803461063040791 0.08010752688172043 0.030902348578491966 0.013978494623655914
0 0.6569839307787392 0.1446236559139785 0.016069221260815822 0.026881720430107527
0 0.0580964153275649 0.3682795698924731 0.04697156983930779 0.02043010752688172
0 0.5180098887515451 0.19011827956989247 0.03688504326328801 0.012903225806451613
0 0.11928306551297899 0.8881720430107527 0.04573547589616811 0.017204301075268817
0 0.5976514215080346 0.4661290322580645 0.02843016069221261 0.011827956989247311
0 0.65389369592089 0.7096774193548387 0.014833127317676144 0.021505376344086023
0 0.4734734239802225 0.17486021505376345 0.03716934487021013 0.014225806451612904
0 0.4672435105067985 0.11451612903225807 0.019777503090234856 0.011827956989247311
0 0.5389369592088998 0.14838709677419354 0.014833127317676144 0.023655913978494623
0 0.6019777503090235 0.532258064516129 0.029666254635352288 0.012903225806451613
0 0.3158220024721879 0.8693548387096774 0.030902348578491966 0.011827956989247311
0 0.553770086526576 0.09731182795698924 0.019777503090234856 0.011827956989247311
0 0.4635352286773795 0.8720430107526882 0.027194066749072928 0.012903225806451613
0 0.17490729295426452 0.20967741935483872 0.02595797280593325 0.012903225806451613
0 0.9752781211372065 0.9618279569892473 0.04697156983930779 0.013978494623655914
0 0.580964153275649 0.6290322580645161 0.019777503090234856 0.025806451612903226
0 0.5352286773794809 0.11182795698924732 0.022249690976514216 0.010752688172043012
0 0.11433868974042027 0.906989247311828 0.030902348578491966 0.013978494623655914
0 0.06118665018541409 0.5370967741935484 0.0407911001236094 0.01827956989247312
0 0.11990111248454882 0.278494623655914 0.024721878862793572 0.012903225806451613
0 0.16131025957972805 0.8774193548387097 0.02595797280593325 0.012903225806451613
0 0.31025957972805934 0.17580645161290323 0.032138442521631644 0.013978494623655914
0 0.8640296662546354 0.23655913978494625 0.024721878862793572 0.04516129032258064
0 0.06427688504326329 0.7860215053763441 0.03955500618046971 0.01935483870967742
0 0.49443757725587145 0.14623655913978495 0.012360939431396786 0.021505376344086023
0 0.5055624227441285 0.5876344086021505 0.03955500618046971 0.013978494623655914
0 0.9493448702101359 0.23641935483870968 0.022299134734239803 0.04544086021505376
0 0.6514215080346106 0.4586021505376344 0.07416563658838071 0.01827956989247312
0 0.3337453646477132 0.21397849462365592 0.027194066749072928 0.012903225806451613
0 0.9864029666254636 0.6112903225806452 0.027194066749072928 0.013978494623655914
0 0.06736711990111248 0.16344086021505377 0.02843016069221261 0.017204301075268817
0 0.3584672435105068 0.7322580645161291 0.04697156983930779 0.01935483870967742
0 0.7008652657601978 0.4661290322580645 0.032138442521631644 0.013978494623655914
0 0.3164400494437577 0.617741935483871 0.054388133498145856 0.01827956989247312
0 0.05686032138442522 0.34301075268817205 0.04449938195302843 0.015053763440860216
0 0.5216316440049443 0.8634408602150537 0.0519159456118665 0.015053763440860216
0 0.06180469715698393 0.5623655913978495 0.04449938195302843 0.01935483870967742
0 0.19901112484548825 0.8779569892473118 0.024721878862793572 0.011827956989247311
0 0.4357231149567367 0.11881720430107527 0.030902348578491966 0.011827956989247311
0 0.188504326328801 0.27903225806451615 0.021013597033374538 0.011827956989247311
0 0.06674907292954264 0.7118279569892473 0.037082818294190356 0.01935483870967742
0 0.9598269468479604 0.8268817204301075 0.038318912237330034 0.015053763440860216
0 0.4641532756489493 0.9026881720430108 0.02843016069221261 0.011827956989247311
0 0.8071693448702101 0.23709677419354838 0.024721878862793572 0.046236559139784944
0 0.1841779975278121 0.8634408602150537 0.049443757725587144 0.015053763440860216
0 0.5395550061804697 0.886021505376344 0.02595797280593325 0.012903225806451613
0 0.8318912237330037 0.8913978494623656 0.029666254635352288 0.012903225806451613
0 0.7781211372064277 0.23655913978494625 0.021013597033374538 0.04086021505376344
0 0.6835599505562423 0.8725806451612903 0.027194066749072928 0.011827956989247311
0 0.11124845488257108 0.21397849462365592 0.0173053152039555 0.03225806451612903
0 0.6699629171817059 0.6720430107526881 0.012360939431396786 0.023655913978494623
0 0.138442521631644 0.20967741935483872 0.0173053152039555 0.025806451612903226
0 0.5982694684796045 0.13064516129032258 0.014833127317676144 0.024731182795698924
0 0.1761433868974042 0.22849462365591397 0.016069221260815822 0.024731182795698924
0 0.7935723114956736 0.8940860215053763 0.029666254635352288 0.011827956989247311
0 0.7583436341161929 0.9731182795698925 0.02595797280593325 0.012903225806451613
0 0.9789864029666254 0.9252688172043011 0.0173053152039555 0.00967741935483871
0 0.7360939431396786 0.9844086021505376 0.04326328800988875 0.01827956989247312
0 0.584672435105068 0.13172043010752688 0.014833127317676144 0.013978494623655914
0 0.5271940667490729 0.8059139784946237 0.02843016069221261 0.013978494623655914
0 0.49876390605686033 0.11182795698924732 0.021013597033374538 0.010752688172043012
0 0.7948084054388134 0.9091397849462366 0.022249690976514216 0.013978494623655914
0 0.29975278121137205 0.6596774193548387 0.030902348578491966 0.013978494623655914
0 0.7608158220024722 0.8731182795698925 0.02843016069221261 0.012903225806451613
0 0.7799752781211372 0.6376344086021506 0.059332509270704575 0.021505376344086023
0 0.5531520395550061 0.8032258064516129 0.02843016069221261 0.012903225806451613
0 0.7082818294190358 0.5306451612903226 0.032138442521631644 0.013978494623655914
0 0.06613102595797281 0.5865591397849462 0.03337453646477132 0.01827956989247312
0 0.6322620519159456 0.16774193548387098 0.018541409147095178 0.015053763440860216
0 0.6854140914709518 0.9037634408602151 0.03337453646477132 0.013978494623655914
0 0.23671199011124847 0.889247311827957 0.03337453646477132 0.012903225806451613
0 0.30284301606922126 0.9032258064516129 0.019777503090234856 0.008602150537634409
0 0.6520395550061805 0.07903225806451612 0.04326328800988875 0.016129032258064516
0 0.06613102595797281 0.7381720430107527 0.030902348578491966 0.016129032258064516
0 0.8794808405438813 0.9231182795698925 0.023485784919653894 0.00967741935483871
0 0.1996291718170581 0.886021505376344 0.023485784919653894 0.010752688172043012
0 0.5519159456118665 0.8150537634408602 0.038318912237330034 0.010752688172043012
0 0.6854140914709518 0.7188172043010753 0.021013597033374538 0.03763440860215054
0 0.19715698393077874 0.975268817204301 0.02595797280593325 0.010752688172043012
0 0.6217552533992583 0.6059139784946237 0.024721878862793572 0.013978494623655914
0 0.4437577255871446 0.2075268817204301 0.042027194066749075 0.012903225806451613
0 0.5815822002472187 0.6591397849462366 0.016069221260815822 0.01935483870967742
0 0.261433868974042 0.7317204301075269 0.0407911001236094 0.02043010752688172
0 0.4641532756489493 0.9172043010752688 0.038318912237330034 0.015053763440860216
0 0.7861557478368356 0.8026881720430108 0.06427688504326329 0.013978494623655914
0 0.5216316440049443 0.8543010752688172 0.024721878862793572 0.011827956989247311
0 0.3389987639060569 0.20746236559139786 0.0377008652657602 0.010870967741935484
0 0.6804697156983931 0.6709677419354839 0.013597033374536464 0.02795698924731183
0 0.6470951792336218 0.6795698924731183 0.023485784919653894 0.010752688172043012
0 0.6446229913473424 0.6204301075268818 0.016069221260815822 0.01935483870967742
0 0.5210135970333746 0.9822580645161291 0.030902348578491966 0.011827956989247311
0 0.3521631644004944 0.1770430107526882 0.04474660074165637 0.011505376344086021
0 0.6872682323856613 0.9618279569892473 0.029666254635352288 0.011827956989247311
0 0.3061310259579728 0.6463870967741935 0.046131025957972804 0.015354838709677418
0 0.5444993819530284 0.875268817204301 0.02843016069221261 0.010752688172043012
0 0.059332509270704575 0.11290322580645161 0.049443757725587144 0.021505376344086023
0 0.18294190358467244 0.853763440860215 0.027194066749072928 0.010752688172043012
0 0.8003708281829419 0.6833333333333333 0.016069221260815822 0.02043010752688172
0 0.6828059332509271 0.8148924731182796 0.06332509270704573 0.009236559139784946
0 0.584672435105068 0.1586021505376344 0.014833127317676144 0.013978494623655914
0 0.6297898640296663 0.15268817204301074 0.018541409147095178 0.012903225806451613
0 0.465389369592089 0.9473118279569892 0.02595797280593325 0.012903225806451613
0 0.6254635352286774 0.6870967741935484 0.0173053152039555 0.017204301075268817
0 0.2391841779975278 0.21935483870967742 0.023485784919653894 0.010752688172043012
0 0.5438813349814586 0.9747311827956989 0.024721878862793572 0.011827956989247311
0 0.6291718170580964 0.646774193548387 0.019777503090234856 0.011827956989247311
0 0.6860321384425216 0.885483870967742 0.037082818294190356 0.013978494623655914
0 0.6285537700865266 0.7473118279569892 0.018541409147095178 0.010752688172043012
0 0.4369592088998764 0.21559139784946235 0.05562422744128554 0.011827956989247311
0 0.5451174289245982 0.9086021505376344 0.022249690976514216 0.010752688172043012
0 0.46909765142150806 0.09946236559139784 0.03337453646477132 0.011827956989247311
0 0.5988998763906057 0.16079569892473117 0.016093943139678615 0.035559139784946237
0 0.059332509270704575 0.08709677419354839 0.04449938195302843 0.017204301075268817
0 0.5444993819530284 0.896774193548387 0.02595797280593325 0.010752688172043012
0 0.5550061804697157 0.8236559139784946 0.049443757725587144 0.012903225806451613
0 0.9641532756489494 0.1586021505376344 0.07169344870210136 0.03333333333333333
0 0.25710754017305315 0.6193548387096774 0.027194066749072928 0.015053763440860216
0 0.7441285537700866 0.8618279569892473 0.05686032138442522 0.016129032258064516
0 0.17490729295426452 0.6833333333333333 0.03584672435105068 0.016129032258064516
0 0.7360939431396786 0.682258064516129 0.021013597033374538 0.03118279569892473
0 0.5264524103831891 0.10095698924731183 0.03237330037082818 0.012655913978494623
0 0.7626699629171817 0.8956989247311828 0.022249690976514216 0.010752688172043012
0 0.28491965389369595 0.617741935483871 0.02843016069221261 0.013978494623655914
0 0.7781211372064277 0.6505376344086021 0.03337453646477132 0.015053763440860216
0 0.1611866501854141 0.8938494623655914 0.019851668726823236 0.009763440860215054
0 0.16475896168108775 0.9090967741935484 0.02377008652657602 0.012838709677419353
0 0.16254635352286773 0.9235806451612902 0.020642768850432633 0.012688172043010754
0 0.16169344870210137 0.9383333333333334 0.024091470951792333 0.009161290322580645
0 0.16201483312731768 0.953021505376344 0.022793572311495675 0.009978494623655913
0 0.16044499381953028 0.9670322580645162 0.023510506798516687 0.01
0 0.2027564894932015 0.964 0.020605686032138446 0.011225806451612903
0 0.3156860321384425 0.9342043010752688 0.022583436341161927 0.012096774193548387
0 0.06775030902348579 0.8133978494623656 0.02927070457354759 0.011698924731182796
0 0.1753770086526576 0.622247311827957 0.02762669962917182 0.02089247311827957
0 0.17831891223733 0.6623763440860215 0.022571075401730534 0.020526881720430108
0 0.17711990111248455 0.7024516129032258 0.028553770086526577 0.021946236559139784
0 0.06517923362175525 0.5033440860215054 0.026736711990111246 0.013763440860215054
0 0.5629048207663783 0.12093548387096774 0.011681087762669962 0.02043010752688172
0 0.6117676143386898 0.17047311827956987 0.011470951792336218 0.030634408602150536
0 0.5570580964153276 0.8323870967741935 0.050840543881334986 0.009903225806451614
0 0.539283065512979 0.21347311827956988 0.013028430160692212 0.028408602150537636
0 0.568442521631644 0.21018279569892473 0.020815822002472187 0.026268817204301076
0 0.4821878862793572 0.21303225806451614 0.01588380716934487 0.033086021505376345
0 0.49946847960444996 0.09690322580645162 0.0184548825710754 0.021698924731182796
0 0.6750309023485785 0.8055806451612904 0.048949320148331275 0.010354838709677421
0 0.6608899876390605 0.8214623655913978 0.02626699629171817 0.010150537634408601
0 0.6620395550061805 0.8293548387096774 0.029245982694684796 0.010043010752688172
0 0.4657354758961681 0.933494623655914 0.028393077873918416 0.011268817204301076
0 0.025364647713226204 0.23451612903225805 0.019443757725587145 0.01424731182795699
0 0.05395550061804697 0.2346236559139785 0.0219159456118665 0.01289247311827957
0 0.07987639060568603 0.23386021505376345 0.0238442521631644 0.013451612903225807
0 0.24029666254635354 0.23748387096774196 0.02835599505562423 0.018623655913978496
0 0.2726699629171817 0.19391397849462366 0.01852904820766378 0.02981720430107527
0 0.340902348578492 0.1976774193548387 0.041619283065512984 0.009956989247311828
0 0.34182941903584674 0.1880215053763441 0.04247218788627936 0.009967741935483871
0 0.39903584672435105 0.1739032258064516 0.01034610630407911 0.03048387096774194