0 0.8735643900781516 0.5909998475842098 0.03377505946313274 0.03804298125285766
0 0.7317627515384906 0.47769394909312607 0.026616830898176437 0.03165675964029866
0 0.4434779325706951 0.4155692729766804 0.025589912032317825 0.029568663313519303
0 0.4870804545626156 0.6185413808870599 0.014422169366104132 0.041579027587257913
0 0.7891871484124287 0.6646166742874562 0.013417903122286304 0.045663770766651506
0 0.826650809831238 0.5957704618198446 0.02150488919092381 0.027389117512574345
0 0.3446181145467588 0.5463725041914342 0.015433986483935513 0.03955189757658883
0 0.42535583493789403 0.6311004420057919 0.014437271114131477 0.045694253924706704
0 0.3341186242307547 0.4904968754762994 0.02253180805678254 0.02947721383935382
0 0.4884509381960962 0.6617969821673525 0.01443727111413136 0.04569425392470647
0 0.6478876429946766 0.8311918914799574 0.04501831086948304 0.046608748666361964
0 0.785147430815117 0.5153025453436976 0.017510476837694106 0.049900929736320626
0 0.8470041907350776 0.18892699283645786 0.029674934873711607 0.03174820911446426
0 0.6856646656850531 0.26024234110653865 0.025597462906331615 0.031626276482243525
0 0.466432589572243 0.41111111111111115 0.020485521199078757 0.027358634354519146
0 0.39174311926605504 0.6228928516994361 0.025597462906331383 0.0316262764822437
0 0.45008117189564695 0.5608443834781284 0.033752406841091834 0.03187014174668506
0 0.8405406425793785 0.2833942996494437 0.025589912032317825 0.029568663313519185
0 0.35578963264997926 0.5580246913580248 0.014429720240117804 0.04363664075598219
0 0.32486880356401254 0.5107986587410456 0.021497338316910253 0.025331504343850064
0 0.8024842375504965 0.5137631458619113 0.015464189979990207 0.04778235025148607
0 0.940329218106996 0.17731290961743637 0.031721221731415505 0.033866788599298876
0 0.7735002076490354 0.4943758573388203 0.015418884735908168 0.03543667123914027
0 0.819186770868728 0.4072549916171315 0.02560501378034517 0.033683889650967865
0 0.8206440895533659 0.426848041457095 0.025612564654358728 0.035741502819692024
0 0.5210556121871107 0.6668876695625667 0.012345679012345654 0.031229995427526115
0 0.8267112168233473 0.5793095564700503 0.022539358930796446 0.0315348270080781
0 0.3106580586702911 0.49391098917847887 0.02251670630875531 0.025361987501905263
0 0.887412693019217 0.5677488187776254 0.025612564654358728 0.035741502819692024
0 0.6507569751198701 0.8827236701722299 0.03376750858911918 0.035985368084133613
0 0.38749197719636047 0.5311918914799574 0.026624381772190113 0.033714372809022945
0 0.5532072337373052 0.7954351470812376 0.05620115528372397 0.03871361073007157
0 0.7863178162872352 0.6130848955951838 0.01544908823196286 0.04366712391403739
0 0.3994940914410843 0.59431489102271 0.016438252727753223 0.03546715439719547
0 0.3544078227054781 0.5178555098308185 0.014391965870049555 0.03334857491236091
0 0.7418809227168044 0.7763831732967534 0.02047041945105164 0.023243408017070585
0 0.6480499867859705 0.7869532083523854 0.027628648016007704 0.029629629629629818
0 0.44586400875901383 0.45988416399939036 0.027636198890021495 0.03168724279835386
0 0.700611620795107 0.21541685718640455 0.07257145014535425 0.05566224660874863
0 0.556091667610526 0.8428516994360615 0.024570544040472538 0.029538180155464222
0 0.8051685732623551 0.6157064471879287 0.01541133386189461 0.03337905807041599
0 0.8526748971193415 0.03270080780368846 0.06631177558802447 0.0163846974546563
0 0.4677804205836825 0.4605395518975766 0.02252425718276887 0.027419600670629426
0 0.9046777664514668 0.5857567443987197 0.030724506361611354 0.04000914494741634
0 0.6870540265035678 0.29835390946502055 0.027628648016007937 0.029629629629629582
0 0.42620530826443165 0.6774272214601432 0.013380148752218055 0.035375704923029876
0 0.9402310567448182 0.204061880810852 0.03989881828821686 0.04028349336991313
0 0.8109978480009061 0.5551745160798658 0.01842413259334751 0.02112482853223591
0 0.8499754596594556 0.21268099375095262 0.026616830898176437 0.03165675964029878
0 0.8011175293540227 0.46947873799725653 0.016476007097821474 0.045755220240816866
0 0.5430173292558614 0.37738911751257426 0.022531808056782426 0.02947721383935382
0 0.5087439121078264 0.549222679469593 0.017548231207762357 0.06018899557994203
0 0.23090195190093254 0.6973098613016308 0.04297957488579305 0.04654778235025157
0 0.024891456186053536 0.482274043590916 0.04978291237210707 0.04058832495046489
0 0.2109751953788651 0.29337753391251337 0.05214633593838488 0.04476451760402384
0 0.8070487408917583 0.6589772900472489 0.017510476837694106 0.049900929736320626
0 0.7410201230792464 0.872046944063405 0.0194661532072337 0.027328151196463948
0 0.603628194963567 0.25161560737692423 0.053173254804243494 0.04685261393080321
0 0.5532185600483255 0.9312528577960676 0.06338958734473518 0.053330285017527915
0 0.6521312341903575 0.9249504648681602 0.04501831086948304 0.046608748666361964
0 0.7454562615622758 0.9133363816491389 0.04398384112961087 0.04246303917085821
0 0.5538717106505078 0.8921734491693338 0.031721221731415505 0.0338667885992987
0 0.29654925057575415 0.865957933241884 0.05416997017404764 0.04071025758268545
0 0.2921131120927247 0.82466849565615 0.058247442141427866 0.04083219021490624
0 0.13262355117604863 0.5307727480566986 0.07457998263298979 0.047492760249961796
0 0.13583644806886397 0.4886831275720165 0.08982519726658358 0.03560432860844386
0 0.13550798504926945 0.43928516994360617 0.026594178276135475 0.025483920134125825
0 0.315830407369653 0.33458314281359547 0.07661871861667978 0.047553726566072194
0 0.31495450598406766 0.295458009449779 0.07661116774266623 0.045496113397347916
0 0.314063502850455 0.2604481024234111 0.03887189942235813 0.038195397043133655
0 0.8478649903726355 0.2321673525377229 0.0786574546003699 0.04761469288218259