0 0.127420998980632 0.38271604938271603 0.0326197757390418 0.03292181069958848
0 0.2655453618756371 0.5113168724279835 0.0254841997961264 0.026748971193415638
0 0.5514780835881753 0.6049382716049383 0.024464831804281346 0.024691358024691357
0 0.5142711518858308 0.39814814814814814 0.013251783893985729 0.03909465020576132
0 0.21406727828746178 0.31790123456790126 0.012232415902140673 0.043209876543209874
0 0.1743119266055046 0.38271604938271603 0.020387359836901122 0.024691358024691357
0 0.654434250764526 0.48559670781893005 0.014271151885830785 0.037037037037037035
0 0.5764525993883792 0.39197530864197533 0.013251783893985729 0.043209876543209874
0 0.663098878695209 0.5421810699588477 0.021406727828746176 0.026748971193415638
0 0.5142711518858308 0.3549382716049383 0.013251783893985729 0.043209876543209874
0 0.36034658511722734 0.16769547325102882 0.04383282364933741 0.03909465020576132
0 0.21355759429153925 0.46810699588477367 0.01529051987767584 0.047325102880658436
0 0.14169215086646278 0.7870370370370371 0.02854230377166157 0.026748971193415638
0 0.30479102956167176 0.7335390946502057 0.024464831804281346 0.026748971193415638
0 0.5284709480122324 0.6067489711934156 0.019225280326197757 0.025041152263374486
0 0.6095820591233435 0.404320987654321 0.024464831804281346 0.026748971193415638
0 0.5494393476044852 0.45987654320987653 0.0326197757390418 0.026748971193415638
0 0.15086646279306828 0.6934156378600823 0.024464831804281346 0.024691358024691357
0 0.6437308868501529 0.4732510288065844 0.013251783893985729 0.0411522633744856
0 0.672782874617737 0.5236625514403292 0.020387359836901122 0.02263374485596708
0 0.1962283384301733 0.4670781893004115 0.013251783893985729 0.04526748971193416
0 0.047910295616717634 0.7880658436213992 0.03058103975535168 0.02880658436213992
0 0.22426095820591233 0.4897119341563786 0.014271151885830785 0.03292181069958848
0 0.1763506625891947 0.5720164609053497 0.024464831804281346 0.02880658436213992
0 0.17533129459734964 0.5524691358024691 0.024464831804281346 0.030864197530864196
0 0.481651376146789 0.345679012345679 0.011213047910295617 0.02880658436213992
0 0.17380224260958205 0.3991769547325103 0.021406727828746176 0.02880658436213992
0 0.6865443425076453 0.5421810699588477 0.021406727828746176 0.02263374485596708
0 0.11314984709480122 0.404320987654321 0.024464831804281346 0.030864197530864196
0 0.35881753312945974 0.11625514403292181 0.0326197757390418 0.030864197530864196
0 0.6111111111111112 0.49588477366255146 0.0254841997961264 0.02880658436213992
0 0.4536187563710499 0.2139917695473251 0.05504587155963303 0.02880658436213992
0 0.21508664627930682 0.37037037037037035 0.014271151885830785 0.0411522633744856
0 0.6009174311926605 0.43209876543209874 0.01529051987767584 0.03292181069958848
0 0.6437308868501529 0.5133744855967078 0.013251783893985729 0.030864197530864196
0 0.26452599388379205 0.21193415637860083 0.019367991845056064 0.0205761316872428
0 0.35881753312945974 0.21193415637860083 0.026503567787971458 0.024691358024691357
0 0.06218144750254842 0.9547325102880658 0.06116207951070336 0.03292181069958848
0 0.5504587155963303 0.5606995884773662 0.026503567787971458 0.026748971193415638
0 0.28844036697247705 0.7767901234567901 0.07143730886850153 0.043271604938271604
0 0.4520897043832824 0.16666666666666666 0.023445463812436288 0.024691358024691357
0 0.1967380224260958 0.36522633744855965 0.014271151885830785 0.030864197530864196
0 0.1304791029561672 0.9537037037037037 0.0652395514780836 0.030864197530864196
0 0.5285423037716616 0.5576131687242798 0.021406727828746176 0.024691358024691357
0 0.0963302752293578 0.3837448559670782 0.029561671763506627 0.03497942386831276
0 0.30479102956167176 0.6954732510288066 0.026503567787971458 0.024691358024691357
0 0.5769622833843018 0.345679012345679 0.012232415902140673 0.03292181069958848
0 0.04892966360856269 0.7613168724279835 0.03873598369011213 0.03292181069958848
0 0.1890927624872579 0.42489711934156377 0.017329255861365953 0.018518518518518517
0 0.13914373088685014 0.7623456790123457 0.0254841997961264 0.026748971193415638
0 0.1962283384301733 0.5113168724279835 0.01529051987767584 0.043209876543209874
0 0.4510703363914373 0.6327160493827161 0.021406727828746176 0.026748971193415638
0 0.49061162079510706 0.46506172839506177 0.014984709480122323 0.05814814814814815
0 0.7723445463812436 0.3477777777777778 0.041620795107033634 0.040267489711934154
0 0.9718042813455657 0.5852469135802469 0.04943934760448522 0.03176954732510288
0 0.7797247706422018 0.753045267489712 0.05109072375127421 0.03635802469135803
0 0.19587155963302752 0.32230452674897114 0.015392456676860346 0.04765432098765432
0 0.2687665647298675 0.11674897119341564 0.019021406727828746 0.02351851851851852
0 0.38666666666666666 0.7516049382716049 0.05166156982670744 0.03827160493827161
0 0.4579612640163099 0.0787037037037037 0.062171253822629974 0.04253086419753087
0 0.35896024464831805 0.07403292181069958 0.04341488277268094 0.03888888888888888
0 0.26562691131498467 0.07462962962962964 0.04257900101936799 0.03438271604938272
0 0.456177370030581 0.11746913580246915 0.030316004077471967 0.02866255144032922
0 0.7120998980632008 0.17170781893004117 0.05349643221202854 0.032407407407407406
0 0.7151783893985729 0.21368312757201646 0.05732925586136595 0.03026748971193416
0 0.8655759429153924 0.5250617283950617 0.0736493374108053 0.03452674897119342
0 0.860907237512742 0.5661316872427983 0.08943934760448521 0.0204320987654321
0 0.8598776758409785 0.6161934156378601 0.02547400611620795 0.021193415637860084
0 0.6764831804281346 0.6998559670781893 0.0756472986748216 0.033744855967078186
0 0.6758919469928644 0.7397119341563786 0.07541284403669725 0.03349794238683128
0 0.6757186544342507 0.7746296296296297 0.03826707441386341 0.030967078189300414
0 0.141855249745158 0.7435390946502057 0.0771151885830785 0.03547325102880658