0 0.7376694876694876 0.9415503148343698 0.03130403130403136 0.044115921623841425
0 0.6496951496951497 0.9470061402479565 0.03253253253253258 0.044194141343032456
0 0.5227272727272727 0.9573506981109937 0.0313495313495313 0.04517188783292273
0 0.7425379925379925 0.2015526614259455 0.03376103376103353 0.044272361062223785
0 0.15874965874965877 0.8409793108842739 0.031076531076531088 0.03883609057843488
0 0.7180817180817181 0.2026281825648246 0.03125853125853113 0.04305995541476006
0 0.6106561106561107 0.9508389064883257 0.033761033761033815 0.04427236106222372
0 0.345936845936846 0.8492119363291486 0.031031031031031005 0.03778012436935357
0 0.7566430066430067 0.9411787711682115 0.032396032396032476 0.04102624271578852
0 0.6973564473564473 0.9442488951464664 0.033806533806533756 0.045328327271305036
0 0.29841204841204844 0.24383041964879346 0.03785603785603788 0.0540107161015292
0 0.48553098553098556 0.9613007939301498 0.033852033852033836 0.04638429348038634
0 0.7695422695422696 0.20274551214361142 0.031031031031030866 0.037780124369353504
0 0.8620211120211121 0.48664398294810124 0.029757029757029697 0.03664593844108099
0 0.15561015561015562 0.7965505103836676 0.03630903630903633 0.046540732918768646
0 0.25416325416325414 0.09832218702334859 0.03353353353353354 0.03899253001681724
0 0.11054236054236057 0.8168485275137862 0.02861952861952863 0.03867965114005233
0 0.21776321776321778 0.817356955688529 0.029029029029029017 0.04818334702178412
0 0.9067476567476568 0.9275685400289413 0.032578032578032524 0.04525010755211376
0 0.5947765947765948 0.5965231334819507 0.032305032305032316 0.038914310297625904
0 0.10121485121485121 0.7709726622081426 0.03016653016653015 0.04614963432281277
0 0.8864773864773865 0.48556846180922214 0.025935025935025904 0.03324338065626349
0 0.46394121394121396 0.5171105635730767 0.024706524706524676 0.03316516093707222
0 0.718104468104468 0.942410731745473 0.029939029939030023 0.040869803277406226
0 0.631972881972882 0.9479838867378466 0.029984529984529964 0.04192576948648753
0 0.5441350441350442 0.6011967617036253 0.028528528528528465 0.03656771872188972
0 0.4962234962234962 0.8824748719152098 0.040358540358540355 0.05522312174899293
0 0.32307307307307304 0.23329031248777818 0.033761033761033815 0.044272361062223785
0 0.6723541723541724 0.946869255739372 0.03949403949403964 0.06359263170245213
0 0.6680544180544181 0.591184637647151 0.027254527254527296 0.03543353279361738
0 0.19719719719719722 0.7949861159998436 0.04004004004004006 0.07626422621142785
0 0.570980070980071 0.5986937306895068 0.029802529802529776 0.0377019046501623
0 0.13624988624988627 0.7452970393836286 0.031213031213031192 0.042003989205678806
0 0.9955182455182455 0.7973913723649733 0.008963508963508974 0.03535531307442611
0 0.7634680134680135 0.5024834760843209 0.03922103922103943 0.057256834447964276
0 0.5472290472290472 0.9573311431811959 0.043407043407043315 0.06910712190543225
0 0.2293202293202293 0.971840901091165 0.03289653289653289 0.05264187101568293
0 0.1683046683046683 0.3661269506042473 0.03794703794703798 0.05612264851969182
0 0.4905132405132406 0.3661073956744495 0.026936026936026862 0.02804176933004809
0 0.7206069706069707 0.588212288317885 0.029757029757029697 0.03664593844108099
0 0.9016061516061515 0.8082443584027533 0.03503503503503498 0.0454065469904963
0 0.21430521430521432 0.9077007313543745 0.03662753662753659 0.05393249638233805
0 0.694922194922195 0.5892095897375729 0.026026026026026067 0.03535531307442587
0 0.7861270361270362 0.48813015761273415 0.0232960232960234 0.02886307638155571
0 0.8195240695240695 0.5808205248543158 0.029757029757029697 0.03664593844108099
0 0.9322959322959323 0.9234033399820095 0.03976703976703985 0.06992842895693999
0 0.27918827918827915 0.5227228284250459 0.04058604058604062 0.08893582072040368
0 0.644963144963145 0.5955062771324651 0.02834652834652842 0.03234385388556448
0 0.35360360360360366 0.08885760100121241 0.030985530985530925 0.0367241581602722
0 0.9148921648921648 0.33468262348938166 0.026890526890526643 0.02698580312096678
0 0.16334516334516333 0.6775196527044468 0.035399035399035425 0.05385427666314678
0 0.6204386204386205 0.5949978489577223 0.030985530985530925 0.03672415816027226
0 0.3476203476203476 0.23432672376706168 0.031076531076531088 0.03883609057843482
0 0.677950677950678 0.06738628808322579 0.027254527254527296 0.03543353279361726
0 0.2113704613704614 0.7827251750166218 0.025798525798525797 0.03007548202901956
0 0.2635135135135135 0.5143533184715867 0.02916552916552919 0.05135124564902805
0 0.03341978341978342 0.4770620673471782 0.027709527709527712 0.04599319488443035
0 0.4154836654836655 0.5298212679416481 0.0379015379015379 0.05506668231061039
0 0.9196241696241697 0.856779694160898 0.032350532350532535 0.03997027650670722
0 0.2552780052780053 0.23792483084985727 0.024661024661024662 0.03210919472799091
0 0.23512148512148515 0.9074465172670031 0.038129038129038166 0.06034651335601718
0 0.7688142688142687 0.5839102037623685 0.029802529802529638 0.0377019046501623
0 0.43832468832468835 0.5196918143063867 0.024661024661024735 0.03210919472799091
0 0.6204158704158703 0.878798545113223 0.03621803621803627 0.044428800500606026
0 0.6657794157794158 0.3535726856740584 0.0320320320320321 0.03257851304313817
0 0.25013650013650013 0.9709902616449607 0.036855036855036855 0.0580194767100785
0 0.1828874328874329 0.6761312526888028 0.03553553553553553 0.057022175290390706
0 0.8379970879970879 0.4977511830732528 0.03412503412503419 0.05272009073487432
0 0.5201110201110201 0.3279752825687356 0.03553553553553546 0.057022175290390706
0 0.23753298753298752 0.22415816027220462 0.0340795340795341 0.05166412452579295
0 0.7475429975429976 0.8721498689819704 0.03485303485303493 0.04118268215417107
0 0.34093184093184087 0.5340255778481756 0.030121030121030068 0.045093668113731465
0 0.5857675857675858 0.30214322030583907 0.027209027209027216 0.034377566584535946
0 0.20418145418145417 0.7580468536117956 0.028483028483028524 0.03551175251280841
0 0.4108881608881608 0.9937619773945011 0.03589953589953584 0.012476045210997657
0 0.3998771498771499 0.9353122922288708 0.03781053781053787 0.052954749892448014
0 0.4580262080262081 0.8916265790605813 0.04390754390754379 0.05228988227932281
0 0.7994130494130494 0.8675544604794869 0.03116753116753125 0.04094802299659749
0 0.7293884793884793 0.8204466345965817 0.029939029939030023 0.040869803277406226
0 0.7562790062790062 0.8189995697915444 0.0273910273910274 0.0386014314208613
0 0.7806897806897808 0.8168680824435841 0.027209027209027355 0.03437756658453607
0 0.8777868777868777 0.8098869725057688 0.03357903357903377 0.040048496225898726
0 0.37018837018837014 0.8433845672494036 0.03212303212303213 0.03469044546130067
0 0.45889070889070893 0.8406077672181157 0.025980525980525845 0.0342993468653448
0 0.48132223132223134 0.8351910516641244 0.025753025753025717 0.029019515819938013
0 0.5815588315588316 0.8299894403379092 0.027300027300027237 0.03648949900269869
0 0.6072436072436073 0.8289921389182213 0.024934024934024943 0.03844499198247876
0 0.7093229593229593 0.8239078571707926 0.027254527254527296 0.03543353279361738
0 0.5965055965055965 0.33810473620399706 0.03630903630903629 0.04654073291876888
0 0.15856765856765856 0.32496382337987406 0.03207753207753205 0.03363447925221948
0 0.24836199836199838 0.20536587273651685 0.032441532441532424 0.042082208924869954
0 0.24026299026299028 0.38703117055809766 0.023114023114023143 0.024639211545230473
0 0.30371280371280374 0.3810669169697681 0.02329602329602326 0.02886307638155583
0 0.36607061607061614 0.37819234228949117 0.026936026936026862 0.02804176933004809
0 0.4314314314314315 0.3739293675935703 0.023205023205023236 0.026751143963393093
0 0.3070798070798071 0.10379756736673316 0.03094003094003091 0.03566819195119089
0 0.17408317408317409 0.10217450819351558 0.04681954681954679 0.09143885173452226
0 0.5998953498953499 0.07557980366850484 0.04004004004004006 0.07626422621142791
0 0.728978978978979 0.07168837263874224 0.03089453089453104 0.03461222574210958
0 0.7783010283010282 0.06482459227971372 0.025889525889525682 0.032187414447182136
0 0.6709436709436709 0.18909617114474558 0.05846755846755849 0.07743752199929606
0 0.7269314769314769 0.35114787437913103 0.023159523159523014 0.025695177754311783
0 0.7886750386750387 0.3482341898392585 0.02561652561652547 0.025851617192694323
0 0.851988351988352 0.3391020376236849 0.026890526890526643 0.02698580312096678
0 0.9426244426244427 0.29590519770034024 0.035353535353535415 0.05279831045406547
0 0.7360997360997361 0.49284289569400447 0.025753025753025856 0.029019515819938252
0 0.8093548093548093 0.4869764167546638 0.028255528255528257 0.030231921467401862
0 0.6967876967876968 0.4903398646798858 0.06147056147056137 0.0902655559466542
0 0.3642506142506142 0.5207673354452658 0.025707525707525634 0.027963549610856942
0 0.3881153881153881 0.5201806875513316 0.02452452452452449 0.028941296100746982
0 0.3154745654745655 0.526086276350268 0.02329602329602326 0.02886307638155571
0 0.5122395122395123 0.6286518831397395 0.05164255164255154 0.08963979819312451