0 0.6240786240786241 0.08130939809926083 0.022113022113022112 0.04012671594508976
0 0.535012285012285 0.08183738120380148 0.02334152334152334 0.03907074973600845
0 0.40540540540540543 0.08078141499472016 0.022113022113022112 0.04118268215417107
0 0.7960687960687961 0.8093980992608236 0.02457002457002457 0.03907074973600845
0 0.06695331695331695 0.22175290390707497 0.02334152334152334 0.0337909186906019
0 0.7708845208845209 0.8099260823653643 0.02334152334152334 0.03801478352692714
0 0.4950859950859951 0.08078141499472016 0.02457002457002457 0.03907074973600845
0 0.2524570024570025 0.20010559662090813 0.02334152334152334 0.03273495248152059
0 0.9232186732186732 0.08236536430834214 0.02334152334152334 0.04012671594508976
0 0.6437346437346437 0.08025343189017951 0.02457002457002457 0.03590285110876452
0 0.5835380835380836 0.08130939809926083 0.02457002457002457 0.04012671594508976
0 0.3415233415233415 0.7993664202745512 0.02702702702702703 0.048574445617740235
0 0.36732186732186733 0.07972544878563886 0.02457002457002457 0.04118268215417107
0 0.8224815724815725 0.8062302006335798 0.02334152334152334 0.03273495248152059
0 0.8513513513513513 0.5200633579725449 0.022113022113022112 0.03273495248152059
0 0.07371007371007371 0.2655755015839493 0.02702702702702703 0.04118268215417107
0 0.3298525798525799 0.9461457233368532 0.025798525798525797 0.0337909186906019
0 0.023955773955773956 0.24868004223864837 0.020884520884520884 0.03484688489968321
0 0.1311793611793612 0.24058078141499473 0.019115479115479117 0.044699049630411825
0 0.7966830466830467 0.08289334741288279 0.02334152334152334 0.04118268215417107
0 0.558968058968059 0.43083421330517424 0.02457002457002457 0.0337909186906019
0 0.025184275184275184 0.2946145723336853 0.020884520884520884 0.042238648363252376
0 0.9484029484029484 0.048574445617740235 0.022113022113022112 0.03167898627243928
0 0.8759213759213759 0.5195353748680043 0.019656019656019656 0.029567053854276663
0 0.4453316953316953 0.518479408658923 0.018427518427518427 0.029567053854276663
0 0.6044226044226044 0.08183738120380148 0.022113022113022112 0.03695881731784583
0 0.5171990171990172 0.08236536430834214 0.022113022113022112 0.03801478352692714
0 0.5067567567567568 0.4303062302006336 0.020884520884520884 0.03273495248152059
0 0.9447174447174447 0.20327349524815205 0.022113022113022112 0.03484688489968321
0 0.3955773955773956 0.15681098204857444 0.029484029484029485 0.04963041182682154
0 0.36855036855036855 0.8083421330517423 0.02457002457002457 0.03907074973600845
0 0.5577395577395577 0.08078141499472016 0.02702702702702703 0.05807814149947202
0 0.6332923832923832 0.43083421330517424 0.020884520884520884 0.03167898627243928
0 0.11566339066339067 0.264012671594509 0.0242014742014742 0.07176346356916578
0 0.5343980343980343 0.43083421330517424 0.022113022113022112 0.0337909186906019
0 0.06572481572481573 0.31731784582893346 0.02334152334152334 0.03695881731784583
0 0.9238329238329238 0.20380147835269272 0.019656019656019656 0.03167898627243928
0 0.7487714987714987 0.5116156282998944 0.028255528255528257 0.05174234424498416
0 0.42997542997543 0.0791974656810982 0.029484029484029485 0.06335797254487856
0 0.10810810810810811 0.08764519535374868 0.022113022113022112 0.048574445617740235
0 0.18304668304668303 0.6884899683210137 0.02702702702702703 0.050686378035902854
0 0.5061425061425061 0.665258711721225 0.022113022113022112 0.023231256599788808
0 0.6867321867321867 0.4303062302006336 0.022113022113022112 0.03273495248152059
0 0.8187960687960688 0.2006335797254488 0.025798525798525797 0.04012671594508976
0 0.1074938574938575 0.15205913410770855 0.025798525798525797 0.048574445617740235
0 0.6609336609336609 0.43083421330517424 0.019656019656019656 0.03167898627243928
0 0.7751842751842751 0.5237592397043295 0.0171990171990172 0.025343189017951427
0 0.7874692874692875 0.4303062302006336 0.022113022113022112 0.03273495248152059
0 0.8237100737100738 0.0850052798310454 0.025798525798525797 0.06441393875395987
0 0.2588943488943489 0.5261879619852164 0.02146191646191646 0.08511087645195353
0 0.6093366093366094 0.428194297782471 0.022113022113022112 0.028511087645195353
0 0.4312039312039312 0.9482576557550159 0.02457002457002457 0.03167898627243928
0 0.9385749385749386 0.6656705385427666 0.022113022113022112 0.022407602956705384
0 0.10810810810810811 0.382259767687434 0.02457002457002457 0.048574445617740235
0 0.5847665847665847 0.43083421330517424 0.02457002457002457 0.03167898627243928
0 0.3925061425061425 0.805702217529039 0.02334152334152334 0.0337909186906019
0 0.7610565110565111 0.9461457233368532 0.020884520884520884 0.03167898627243928
0 0.13267813267813267 0.2750791974656811 0.019656019656019656 0.026399155227032733
0 0.24514742014742016 0.5360295670538543 0.018304668304668304 0.04777191129883844
0 0.019041769041769043 0.5897571277719112 0.028255528255528257 0.04118268215417107
0 0.39434889434889436 0.5095036958817318 0.02702702702702703 0.04963041182682154
0 0.8255528255528255 0.15153115100316789 0.02457002457002457 0.03484688489968321
0 0.29914004914004916 0.8083421330517423 0.018427518427518427 0.028511087645195353
0 0.12837837837837837 0.15100316789862725 0.025798525798525797 0.054910242872228086
0 0.7358722358722358 0.43083421330517424 0.022113022113022112 0.0337909186906019
0 0.41953316953316955 0.5179514255543822 0.018427518427518427 0.028511087645195353
0 0.5208845208845209 0.15153115100316789 0.02702702702702703 0.03907074973600845
0 0.9527027027027027 0.15311510031678988 0.020884520884520884 0.03801478352692714
0 0.6848894348894349 0.665258711721225 0.025798525798525797 0.027455121436114043
0 0.128992628992629 0.08658922914466737 0.02457002457002457 0.054910242872228086
0 0.12837837837837837 0.382259767687434 0.02334152334152334 0.05279831045406547
0 0.8249385749385749 0.5110876451953538 0.02334152334152334 0.048574445617740235
0 0.5442260442260443 0.7006335797254488 0.02457002457002457 0.05174234424498416
0 0.2843980343980344 0.8231256599788807 0.02334152334152334 0.04751847940865892
0 0.6498771498771498 0.14889123548046462 0.02702702702702703 0.03590285110876452
0 0.3185872235872236 0.510559662090813 0.020479115479115483 0.040876451953537486
0 0.6160933660933661 0.721752903907075 0.020884520884520884 0.030623020063357972
0 0.13083538083538085 0.300168954593453 0.02187960687960688 0.03157338965153115
0 0.28212530712530715 0.03976768743400211 0.028562653562653563 0.033643083421330516
0 0.286953316953317 0.11155227032734953 0.027395577395577398 0.04791974656810982
0 0.3556265356265356 0.15041182682154172 0.03380835380835381 0.04563885955649419
0 0.7031818181818181 0.14971488912354805 0.0233046683046683 0.03587117212249208
0 0.6434152334152334 0.20110876451953535 0.021732186732186735 0.036325237592397044
0 0.6707371007371008 0.20028511087645193 0.020110565110565113 0.03468848996832102
0 0.6953316953316954 0.20059134107708554 0.020614250614250616 0.03065469904963041
0 0.7943857493857494 0.20083421330517423 0.026081081081081082 0.03484688489968321
0 0.9494963144963144 0.11142555438225976 0.020823095823095824 0.028627243928194296
0 0.950012285012285 0.07818373812038015 0.020884520884520884 0.023463569165786693
0 0.27831695331695333 0.20414994720168955 0.025675675675675674 0.029746568109820487
0 0.3677395577395577 0.20068637803590286 0.018906633906633906 0.030221752903907075
0 0.3912162162162162 0.2042027455121436 0.019950859950859948 0.024920802534318904
0 0.49282555282555285 0.20195353748680042 0.02033169533169533 0.03275607180570222
0 0.5188697788697789 0.20148891235480465 0.016547911547911548 0.03512143611404435
0 0.6226658476658476 0.1991024287222809 0.01979115479115479 0.03198521647307286
0 0.6188206388206389 0.6852798310454066 0.02756756756756757 0.04076029567053854
0 0.18286240786240784 0.7295987328405491 0.025945945945945948 0.028173178458289334
0 0.2996928746928747 0.8412565997888067 0.023894348894348893 0.03788806758183738
0 0.25066339066339066 0.662713833157339 0.018771498771498772 0.02071805702217529
0 0.31557739557739556 0.6639281942977825 0.017260442260442262 0.02494192185850053
0 0.37878378378378375 0.6626821541710665 0.021732186732186735 0.023336853220696938
0 0.4451474201474202 0.661921858500528 0.01791154791154791 0.022713833157338967
0 0.3813267813267813 0.9368743400211194 0.023697788697788696 0.03149947201689546
0 0.24847665847665845 0.9482154171066526 0.027923832923832926 0.08554382259767689
0 0.6812653562653562 0.9434002111932418 0.024275184275184276 0.07143611404435059
0 0.8112530712530712 0.9382576557550159 0.024705159705159706 0.02978880675818374
0 0.8631941031941032 0.9456810982048574 0.018108108108108107 0.036578669482576556
0 0.726990171990172 0.8267053854276663 0.04273955773955774 0.06918690601900739
0 0.7465847665847666 0.6629567053854277 0.018366093366093364 0.022101372756071807
0 0.8087714987714988 0.6618479408658923 0.0207985257985258 0.021678986272439284
0 0.8747788697788699 0.6660612460401267 0.021486486486486486 0.022925026399155227
0 0.9752334152334152 0.7020063357972545 0.02434889434889435 0.04823653643083421
0 0.7237592137592137 0.5230623020063357 0.020663390663390662 0.024519535374868003
0 0.7986240786240787 0.5233051742344245 0.022371007371007372 0.025892291446673706
0 0.6846928746928748 0.5282893347412883 0.04362407862407862 0.08155227032734953
0 0.34502457002457004 0.5220274551214361 0.02090909090909091 0.02423442449841605
0 0.3690909090909091 0.5208870116156282 0.01901719901719902 0.025543822597676874
0 0.29455773955773956 0.5204857444561773 0.01796068796068796 0.025628299894403378
0 0.4690294840294841 0.4050791974656811 0.03336609336609336 0.08329461457233368