0 0.6112107623318386 0.14012738853503184 0.04394618834080718 0.03821656050955414
0 0.7538116591928251 0.6130573248407644 0.02600896860986547 0.08917197452229299
0 0.57847533632287 0.428343949044586 0.05201793721973094 0.04777070063694268
0 0.647085201793722 0.20621019108280256 0.04932735426008968 0.05573248407643312
0 0.45426008968609866 0.7340764331210191 0.02242152466367713 0.06687898089171974
0 0.37668161434977576 0.14251592356687898 0.04484304932735426 0.03662420382165605
0 0.5134529147982063 0.6329617834394905 0.02780269058295964 0.07802547770700637
0 0.3201793721973094 0.8089171974522293 0.030493273542600896 0.08280254777070063
0 0.3789237668161435 0.2085987261146497 0.04932735426008968 0.050955414012738856
0 0.44708520179372196 0.6345541401273885 0.02600896860986547 0.07484076433121019
0 0.484304932735426 0.7404458598726115 0.025112107623318385 0.0732484076433121
0 0.3860986547085202 0.6855095541401274 0.04753363228699552 0.042993630573248405
0 0.3874439461883408 0.9036624203821656 0.04484304932735426 0.04617834394904458
0 0.2934260089686099 0.2631210191082803 0.036771300448430494 0.06050955414012739
0 0.4730941704035874 0.22054140127388536 0.02600896860986547 0.0875796178343949
0 0.4179372197309417 0.49203821656050956 0.04304932735426009 0.044585987261146494
0 0.6860986547085202 0.7691082802547771 0.05201793721973094 0.041401273885350316
0 0.29730941704035874 0.5453821656050956 0.05291479820627803 0.04936305732484077
0 0.683408071748879 0.49203821656050956 0.05022421524663677 0.050955414012738856
0 0.7340807174887892 0.7348726114649682 0.04394618834080718 0.04936305732484077
0 0.5511210762331838 0.5191082802547771 0.045739910313901344 0.05732484076433121
0 0.36157847533632287 0.08275477707006369 0.11630493273542601 0.06359872611464967
0 0.2614080717488789 0.636640127388535 0.04209865470852018 0.2649203821656051
0 0.5710224215246638 0.25066878980891716 0.057964125560538114 0.07371019108280255
0 0.8034618834080718 0.3603821656050955 0.13330044843049327 0.13581210191082804
0 0.057488789237668154 0.5314649681528663 0.10420627802690582 0.09054140127388535
0 0.2612825112107623 0.42987261146496814 0.03467264573991031 0.13573248407643312