0 0.6532934131736527 0.333 0.019161676646706587 0.044
0 0.6601796407185628 0.3855 0.018562874251497007 0.045
0 0.5029940119760479 0.803 0.016766467065868262 0.038
0 0.13323353293413173 0.5695 0.017365269461077845 0.017
0 0.3203592814371258 0.584 0.016766467065868262 0.014
0 0.7949101796407185 0.3195 0.016167664670658683 0.043
0 0.24251497005988024 0.654 0.025149700598802394 0.02
0 0.25299401197604793 0.83 0.013772455089820359 0.04
0 0.8571856287425149 0.4185 0.01976047904191617 0.027
0 0.5053892215568863 0.4615 0.017964071856287425 0.037
0 0.3018263473053892 0.43172000000000005 0.04065868263473054 0.01744
0 0.567065868263473 0.49 0.016766467065868262 0.034
0 0.18772455089820358 0.0265 0.023353293413173652 0.021
0 0.09431137724550898 0.6135 0.017365269461077845 0.013
0 0.6302395209580839 0.443 0.016167664670658683 0.048
0 0.7550898203592814 0.804 0.02035928143712575 0.042
0 0.18802395209580838 0.432 0.029940119760479042 0.018
0 0.7571856287425149 0.2345 0.017365269461077845 0.025
0 0.09670658682634731 0.6635 0.017365269461077845 0.011
0 0.8410059880239521 0.32721 0.035808383233532935 0.023600000000000003
0 0.5347305389221557 0.337 0.016766467065868262 0.028
0 0.6287425149700598 0.556 0.02035928143712575 0.052
0 0.19341317365269461 0.5215 0.011976047904191617 0.015
0 0.5703592814371258 0.386 0.02215568862275449 0.022
0 0.912874251497006 0.4415 0.01976047904191617 0.037
0 0.3191616766467066 0.5535 0.02035928143712575 0.015
0 0.7796407185628742 0.449 0.02155688622754491 0.02
0 0.6910179640718563 0.5455 0.019161676646706587 0.021
0 0.6278443113772455 0.388 0.017365269461077845 0.036
0 0.47365269461077847 0.6255 0.016766467065868262 0.021
0 0.25479041916167666 0.0935 0.020958083832335328 0.019
0 0.47754491017964074 0.4965 0.018562874251497007 0.017
0 0.28562874251497006 0.5465 0.016766467065868262 0.015
0 0.7910179640718563 0.4975 0.019161676646706587 0.029
0 0.2215568862275449 0.519 0.01437125748502994 0.016
0 0.2559880239520958 0.0395 0.01976047904191617 0.015
0 0.8940119760479042 0.4175 0.017964071856287425 0.021
0 0.5946107784431137 0.5425 0.016766467065868262 0.033
0 0.2619760479041916 0.5055 0.016167664670658683 0.013
0 0.2568862275449102 0.6085 0.015568862275449102 0.019
0 0.01638323353293413 0.40538 0.017365269461077845 0.01
0 0.03592814371257485 0.4415 0.01437125748502994 0.011
0 0.2212574850299401 0.079 0.013772455089820359 0.016
0 0.3440119760479042 0.224 0.017365269461077845 0.016
0 0.38173652694610777 0.665 0.017365269461077845 0.014
0 0.8020958083832336 0.87 0.0281437125748503 0.016
0 0.6293413173652694 0.492 0.015568862275449102 0.038
0 0.7946107784431138 0.953 0.019161676646706587 0.028
0 0.22095808383233534 0.236 0.017964071856287425 0.02
0 0.7952095808383234 0.257 0.01437125748502994 0.026
0 0.19251497005988025 0.5715 0.013772455089820359 0.015
0 0.4844311377245509 0.3285 0.017964071856287425 0.021
0 0.8508982035928143 0.453 0.017964071856287425 0.018
0 0.6317365269461078 0.91 0.019161676646706587 0.018
0 0.4467065868263473 0.6375 0.023952095808383235 0.017
0 0.6290419161676647 0.5205 0.025748502994011976 0.021
0 0.2218562874251497 0.5105 0.014970059880239521 0.013
0 0.7502994011976047 0.435 0.019161676646706587 0.032
0 0.9526946107784431 0.6015 0.031137724550898204 0.031
0 0.7853293413173653 0.6515 0.020958083832335328 0.025
0 0.38263473053892216 0.5205 0.015568862275449102 0.019
0 0.4505988023952096 0.343 0.017365269461077845 0.022
0 0.5940119760479042 0.9545 0.02035928143712575 0.017
0 0.2551317365269461 0.25221 0.014970059880239521 0.013
0 0.22604790419161677 0.602 0.017365269461077845 0.014
0 0.4413173652694611 0.4525 0.017964071856287425 0.021
0 0.8008982035928144 0.2185 0.03772455089820359 0.015
0 0.31850898203592815 0.07645 0.019892215568862275 0.02173
0 0.05983233532934132 0.79806 0.013772455089820359 0.01
0 0.620059880239521 0.962 0.014970059880239521 0.014
0 0.18862275449101795 0.467 0.016766467065868262 0.01
0 0.7619760479041916 0.195 0.023353293413173652 0.016
0 0.8544910179640719 0.5485 0.015568862275449102 0.043
0 0.7505988023952096 0.6515 0.01976047904191617 0.029
0 0.03652694610778443 0.493 0.01437125748502994 0.012
0 0.417065868263473 0.8015 0.016167664670658683 0.035
0 0.28652694610778445 0.572 0.016167664670658683 0.018
0 0.29251497005988025 0.664 0.017365269461077845 0.028
0 0.2877245508982036 0.523 0.016167664670658683 0.014
0 0.37574850299401197 0.183 0.012574850299401197 0.04
0 0.19221556886227545 0.5465 0.01437125748502994 0.011
0 0.6284431137724551 0.647 0.018562874251497007 0.02
0 0.4188622754491018 0.531 0.014970059880239521 0.024
0 0.29208982035928144 0.1931 0.017964071856287425 0.018
0 0.9146706586826348 0.5405 0.018562874251497007 0.029
0 0.4410179640718563 0.6245 0.016167664670658683 0.013
0 0.6047904191616766 0.334 0.02155688622754491 0.018
0 0.2546706586826347 0.30202999999999997 0.019724550898203592 0.018420000000000002
0 0.2907544910179641 0.07422 0.022952095808383234 0.02224
0 0.2817365269461078 0.232 0.014970059880239521 0.02
0 0.6023952095808384 0.4915 0.017964071856287425 0.019
0 0.7245508982035929 0.8845 0.022754491017964073 0.023
0 0.5826347305389221 0.546 0.009580838323353293 0.036
0 0.30047904191616764 0.45324000000000003 0.026862275449101795 0.02088
0 0.34820359281437124 0.5715 0.016167664670658683 0.017
0 0.1592814371257485 0.5825 0.01437125748502994 0.013
0 0.3874251497005988 0.4635 0.017964071856287425 0.017
0 0.18233532934131735 0.4515 0.01976047904191617 0.015
0 0.6643712574850299 0.3135 0.014970059880239521 0.027
0 0.7619760479041916 0.2685 0.01976047904191617 0.017
0 0.035329341317365266 0.639 0.015568862275449102 0.012
0 0.09310778443113774 0.46345 0.014970059880239521 0.011
0 0.7979041916167665 0.9085 0.025748502994011976 0.023
0 0.9119760479041916 0.4685 0.025149700598802394 0.021
0 0.7170658682634731 0.649 0.018562874251497007 0.022
0 0.6898203592814371 0.1925 0.027544910179640718 0.021
0 0.5362275449101797 0.467 0.020958083832335328 0.022
0 0.6287425149700598 0.231 0.017964071856287425 0.02
0 0.6652694610778443 0.298 0.017964071856287425 0.02
0 0.24191616766467067 0.6425 0.023952095808383235 0.017
0 0.25149700598802394 0.076 0.017964071856287425 0.018
0 0.5838323353293413 0.298 0.019161676646706587 0.018
0 0.18147904191616765 0.66152 0.013796407185628742 0.01018
0 0.18164670658682636 0.6718 0.013796407185628742 0.01048
0 0.09422155688622755 0.45357 0.015059880239520958 0.01084
0 0.09549101796407186 0.51801 0.014514970059880238 0.011550000000000001
0 0.09462874251497005 0.52664 0.012898203592814371 0.009529999999999999
0 0.06073053892215569 0.52566 0.014898203592814371 0.01141
0 0.06002395209580838 0.53723 0.014508982035928144 0.011810000000000001
0 0.030976047904191614 0.34408 0.014670658682634731 0.01159
0 0.0312874251497006 0.3531 0.015976047904191618 0.00983
0 0.06191616766467066 0.8912 0.01270059880239521 0.011609999999999999
0 0.06223353293413174 0.90213 0.011604790419161676 0.01098
0 0.02995808383233533 0.7978999999999999 0.014359281437125749 0.012320000000000001
0 0.057826347305389214 0.80737 0.012107784431137724 0.00879
0 0.03161676646706587 0.80738 0.016137724550898205 0.00887
0 0.3876047904191616 0.45357 0.01444311377245509 0.01201
0 0.4390898203592814 0.49406 0.015958083832335327 0.01217
0 0.47831736526946106 0.5381900000000001 0.014341317365269462 0.01402
0 0.5312754491017965 0.57068 0.014850299401197605 0.01322
0 0.5839700598802395 0.63213 0.015940119760479043 0.013359999999999999
0 0.6286946107784431 0.59464 0.014407185628742514 0.01156
0 0.630059880239521 0.60441 0.015035928143712575 0.01011
0 0.6873892215568863 0.64612 0.01529940119760479 0.01123
0 0.6888383233532933 0.65475 0.018700598802395208 0.011349999999999999
0 0.6952215568862276 0.6831499999999999 0.014808383233532934 0.01013
0 0.7213532934131737 0.59158 0.013317365269461076 0.009609999999999999
0 0.7224251497005988 0.6024700000000001 0.01726946107784431 0.01308
0 0.7498083832335329 0.59021 0.01641916167664671 0.01243
0 0.7492035928143713 0.60222 0.013365269461077845 0.01125
0 0.7892694610778442 0.5797 0.018778443113772456 0.0155
0 0.851502994011976 0.61511 0.014820359281437125 0.01268
0 0.9133233532934132 0.49029 0.013820359281437124 0.01106
0 0.9136287425149701 0.49986 0.015173652694610778 0.0116
0 0.892934131736527 0.5411 0.014610778443113771 0.009439999999999999
0 0.8944251497005988 0.55102 0.010491017964071855 0.01214
0 0.8372574850299401 0.14488 0.01574251497005988 0.01514
0 0.8486287425149701 0.2342 0.01715568862275449 0.01436
0 0.9157365269461077 0.17445 0.018023952095808385 0.01481
0 0.9151976047904192 0.18561000000000002 0.012359281437125749 0.01366
0 0.9674371257485029 0.15547 0.021269461077844314 0.01898
0 0.8794610778443114 0.2838 0.017431137724550898 0.01423
0 0.8371137724550898 0.30824 0.01397005988023952 0.01293
0 0.851191616766467 0.35558999999999996 0.02432335329341317 0.01533
0 0.28895808383233534 0.27135000000000004 0.013502994011976048 0.012029999999999999
0 0.28991616766467065 0.28226999999999997 0.016538922155688623 0.01457
0 0.3748083832335329 0.26041000000000003 0.015095808383233534 0.01642
0 0.45509580838323355 0.17775 0.011461077844311378 0.012029999999999999
0 0.4556946107784431 0.18941 0.01684431137724551 0.01228
0 0.5686347305389221 0.08201 0.018778443113772456 0.014320000000000001
0 0.5692694610778443 0.09353 0.016826347305389223 0.013550000000000001
0 0.2265928143712575 0.036899999999999995 0.01315568862275449 0.016050000000000002
0 0.1588383233532934 0.02995 0.011874251497005987 0.012
0 0.15911976047904192 0.04273 0.015095808383233534 0.011689999999999999
0 0.44337724550898205 0.8004600000000001 0.014574850299401197 0.01273
0 0.4447904191616766 0.81008 0.01701796407185629 0.01072
0 0.4726946107784431 0.8497100000000001 0.01470059880239521 0.01106
0 0.47286826347305394 0.8591599999999999 0.01750299401197605 0.01026
0 0.5084730538922155 0.92938 0.015952095808383235 0.01276
0 0.5077005988023953 0.9391 0.013616766467065868 0.011300000000000001
0 0.5431736526946108 0.93514 0.01750299401197605 0.016890000000000002
0 0.592556886227545 0.8830399999999999 0.016958083832335328 0.01778
0 0.591934131736527 0.96663 0.007850299401197604 0.00962
0 0.6025089820359282 0.43982 0.012508982035928144 0.013470000000000001
0 0.5978203592814372 0.4691 0.014874251497005988 0.0115
0 0.5709580838323354 0.4021 0.011772455089820359 0.01185
0 0.877622754491018 0.9346599999999999 0.01701796407185629 0.014070000000000001
0 0.8340838323353293 0.97835 0.014047904191616768 0.013810000000000001
0 0.8465389221556886 0.88202 0.016263473053892214 0.01132
0 0.7561616766467065 0.84504 0.01601197604790419 0.01292