0 0.2290249433106576 0.12767584097859327 0.031746031746031744 0.04128440366972477
0 0.29931972789115646 0.45718654434250766 0.030234315948601664 0.03363914373088685
0 0.6572184429327287 0.5229357798165137 0.02343159486016629 0.03058103975535168
0 0.6889644746787604 0.4120795107033639 0.024943310657596373 0.0290519877675841
0 0.41987906273620557 0.39602446483180426 0.027966742252456538 0.03058103975535168
0 0.8476946334089192 0.5076452599388379 0.02040816326530612 0.0581039755351682
0 0.891912320483749 0.6590214067278287 0.019652305366591082 0.05198776758409786
0 0.7448979591836735 0.6391437308868502 0.024943310657596373 0.03058103975535168
0 0.3325774754346183 0.28363914373088683 0.025699168556311415 0.03211009174311927
0 0.2237339380196523 0.40519877675840976 0.031746031746031744 0.039755351681957186
0 0.9136507936507936 0.4619724770642202 0.02909297052154195 0.037094801223241596
0 0.3494028722600151 0.3964373088685015 0.027966742252456538 0.03363914373088685
0 0.7955404383975813 0.2408256880733945 0.026455026455026454 0.0290519877675841
0 0.3820861678004535 0.18883792048929662 0.026455026455026454 0.0290519877675841
0 0.3835978835978836 0.5512232415902141 0.024943310657596373 0.0290519877675841
0 0.5699168556311414 0.3180428134556575 0.027210884353741496 0.027522935779816515
0 0.5442328042328042 0.26045871559633027 0.02538926681783825 0.04385321100917431
0 0.8435374149659864 0.8256880733944955 0.025699168556311415 0.05504587155963303
0 0.7093726379440665 0.6085626911314985 0.02040816326530612 0.03669724770642202
0 0.6099773242630385 0.3180428134556575 0.022675736961451247 0.03363914373088685
0 0.7680120937263795 0.452217125382263 0.024391534391534395 0.05122324159021407
0 0.34501889644746786 0.6111467889908256 0.02529100529100529 0.032889908256880734
0 0.4833711262282691 0.41437308868501527 0.026455026455026454 0.03363914373088685
0 0.8762055933484505 0.20582568807339452 0.02148904006046863 0.05692660550458715
0 0.6379289493575208 0.6405504587155963 0.018117913832199545 0.02470948012232416
0 0.2509448223733938 0.25076452599388377 0.027210884353741496 0.03669724770642202
0 0.6902267573696145 0.5911467889908257 0.021670445956160245 0.04773700305810397
0 0.9777021919879063 0.11850152905198777 0.02343159486016629 0.03211009174311927
0 0.5706500377928949 0.4130733944954128 0.028102796674225244 0.02798165137614679
0 0.8363567649281936 0.5091743119266054 0.017384731670445956 0.0581039755351682
0 0.6145124716553289 0.7293577981651376 0.027210884353741496 0.03669724770642202
0 0.9134920634920635 0.5131192660550459 0.025018896447467878 0.050703363914373085
0 0.973167044595616 0.3211009174311927 0.03854875283446712 0.04281345565749235
0 0.5691609977324263 0.2882262996941896 0.025699168556311415 0.0382262996941896
0 0.06273620559334846 0.19342507645259938 0.027210884353741496 0.0382262996941896
0 0.07307634164777023 0.6692354740061163 0.025699168556311415 0.03669724770642202
0 0.7237263794406652 0.5409785932721712 0.02692365835222978 0.052935779816513755
0 0.4002645502645502 0.4475229357798165 0.01960695389266818 0.02987767584097859
0 0.5684051398337112 0.21483180428134557 0.022675736961451247 0.04434250764525994
0 0.21662887377173093 0.5136238532110092 0.027210884353741496 0.03363914373088685
0 0.9098337112622827 0.774006116207951 0.02678004535147392 0.04418960244648318
0 0.48412698412698413 0.35015290519877673 0.017384731670445956 0.03363914373088685
0 0.7796674225245653 0.5382262996941896 0.030990173847316706 0.03669724770642202
0 0.5959939531368103 0.4793577981651376 0.01889644746787604 0.0290519877675841
0 0.8140589569160998 0.42201834862385323 0.027210884353741496 0.03058103975535168
0 0.044595616024187455 0.2782874617737003 0.027210884353741496 0.04281345565749235
0 0.5294784580498866 0.7079510703363915 0.02040816326530612 0.05504587155963303
0 0.6670445956160241 0.1345565749235474 0.01889644746787604 0.04281345565749235
0 0.7148828420256992 0.367217125382263 0.018677248677248678 0.04244648318042814
0 0.46485260770975056 0.17507645259938837 0.025699168556311415 0.0382262996941896
0 0.782312925170068 0.08256880733944955 0.025699168556311415 0.03363914373088685
0 0.4973544973544973 0.17813455657492355 0.013605442176870748 0.05045871559633028
0 0.69578231292517 0.7810550458715596 0.02346182917611489 0.04221712538226299
0 0.5143613000755858 0.2966360856269113 0.015873015873015872 0.039755351681957186
0 0.08125472411186697 0.5565749235474006 0.026455026455026454 0.045871559633027525
0 0.6523053665910808 0.21788990825688073 0.025699168556311415 0.02599388379204893
0 0.35714285714285715 0.2492354740061162 0.01436130007558579 0.04892966360856269
0 0.8581179138321995 0.2627217125382263 0.024618291761148905 0.05553516819571865
0 0.6819047619047619 0.20071865443425077 0.023000755857898715 0.053944954128440366
0 0.4436885865457294 0.41896024464831805 0.02872260015117158 0.039755351681957186
0 0.3337112622826909 0.24617737003058104 0.02040816326530612 0.04892966360856269
0 0.5270672713529856 0.3597553516819572 0.021919879062736205 0.03669724770642202
0 0.16288737717309146 0.5351681957186545 0.026455026455026454 0.03669724770642202
0 0.6957671957671958 0.06269113149847094 0.03552532123960695 0.03669724770642202
0 0.8495842781557067 0.7293577981651376 0.02418745275888133 0.039755351681957186
0 0.8204837490551776 0.503822629969419 0.015873015873015872 0.05963302752293578
0 0.9463340891912321 0.172782874617737 0.027210884353741496 0.03363914373088685
0 0.5105820105820106 0.1651376146788991 0.02040816326530612 0.04892966360856269
0 0.5309901738473167 0.5206422018348624 0.017384731670445956 0.035168195718654434
0 0.8238851095993953 0.7079510703363915 0.022675736961451247 0.024464831804281346
0 0.3333333333333333 0.17507645259938837 0.02418745275888133 0.0290519877675841
0 0.42865457294028725 0.46423547400611626 0.017619047619047618 0.03120795107033639
0 0.8892063492063492 0.3327064220183486 0.023560090702947848 0.06547400611620795
0 0.41074074074074074 0.5543272171253822 0.021919879062736205 0.03211009174311927
0 0.8057747543461828 0.6287308868501529 0.025699168556311415 0.03669724770642202
0 0.41761148904006046 0.20030581039755352 0.021919879062736205 0.04281345565749235
0 0.35865457294028724 0.658256880733945 0.02343159486016629 0.03211009174311927
0 0.44693877551020406 0.5422629969418961 0.019297052154195013 0.034724770642201835
0 0.8959032501889644 0.9037155963302752 0.025699168556311415 0.035168195718654434
0 0.7560997732426304 0.15870030581039757 0.028828420256991685 0.030214067278287463
0 0.6368102796674225 0.6077981651376146 0.021919879062736205 0.0382262996941896
0 0.563114134542706 0.5649847094801224 0.016628873771730914 0.0382262996941896
0 0.20198790627362057 0.20892966360856266 0.0191307634164777 0.03475535168195719
0 0.13718820861678005 0.5344036697247706 0.02343159486016629 0.0382262996941896
0 0.6352078609221466 0.44206422018348623 0.0236130007558579 0.037828746177370025
0 0.9142101284958428 0.41896024464831805 0.024943310657596373 0.03058103975535168
0 0.7363038548752835 0.38103975535168194 0.022471655328798187 0.04649847094801223
0 0.7772335600907029 0.5902599388379205 0.026114890400604683 0.05515290519877676
0 0.5744520030234316 0.37079510703363916 0.022675736961451247 0.035168195718654434
0 0.8819954648526078 0.38584097859327215 0.0255177626606198 0.03773700305810398
0 0.7739531368102797 0.05535168195718655 0.021919879062736205 0.03211009174311927
0 0.3809750566893424 0.36831804281345565 0.02418745275888133 0.03058103975535168
0 0.6208087679516251 0.5289296636085628 0.024686318972033255 0.04868501529051988
0 0.5219198790627362 0.6643730886850153 0.02343159486016629 0.02599388379204893
0 0.2603930461073318 0.6223241590214067 0.02343159486016629 0.027522935779816515
0 0.9134542705971277 0.6276758409785933 0.01889644746787604 0.03211009174311927
0 0.770302343159486 0.3418960244648318 0.025540438397581255 0.05380733944954128
0 0.8624338624338624 0.6422018348623854 0.016628873771730914 0.05504587155963303
0 0.050642479213907785 0.5198776758409785 0.02872260015117158 0.03363914373088685
0 0.7785336356764928 0.3937308868501529 0.022675736961451247 0.0290519877675841
0 0.8148148148148148 0.7255351681957186 0.015117157974300832 0.04434250764525994
0 0.2146636432350718 0.6636085626911316 0.015117157974300832 0.04281345565749235
0 0.8405139833711263 0.15672782874617738 0.021164021164021163 0.04128440366972477
0 0.9013605442176871 0.09250764525993883 0.024943310657596373 0.03211009174311927
0 0.2792894935752079 0.5856269113149847 0.021919879062736205 0.039755351681957186
0 0.9720332577475435 0.4717125382262997 0.02418745275888133 0.02599388379204893
0 0.4595616024187453 0.4801223241590214 0.025699168556311415 0.027522935779816515
0 0.2159637188208617 0.2762538226299694 0.026900982615268333 0.03117737003058104
0 0.5249433106575964 0.6185015290519877 0.015873015873015872 0.022935779816513763
0 0.4459561602418745 0.3394495412844037 0.025699168556311415 0.027522935779816515
0 0.7392290249433107 0.19495412844036697 0.019652305366591082 0.04434250764525994
0 0.17346938775510204 0.8241590214067278 0.04157218442932729 0.04281345565749235
0 0.3711262282690854 0.2714067278287462 0.019652305366591082 0.035168195718654434
0 0.935374149659864 0.6001529051987767 0.02343159486016629 0.0290519877675841
0 0.3231292517006803 0.7767584097859327 0.024943310657596373 0.03363914373088685
0 0.7181859410430839 0.09938837920489296 0.024943310657596373 0.027522935779816515
0 0.18102796674225247 0.6123853211009175 0.03250188964474679 0.0382262996941896
0 0.4089191232048375 0.21330275229357798 0.02418745275888133 0.04128440366972477
0 0.12131519274376418 0.5986238532110092 0.024943310657596373 0.04128440366972477
0 0.20105820105820105 0.4541284403669725 0.02872260015117158 0.03669724770642202
0 0.1674225245653817 0.1444954128440367 0.034013605442176874 0.04128440366972477
0 0.15614512471655329 0.21704892966360856 0.026099773242630388 0.026284403669724773
0 0.28609221466364326 0.4717125382262997 0.021919879062736205 0.04128440366972477
0 0.2947845804988662 0.7729357798165137 0.042328042328042326 0.0382262996941896
0 0.34278155706727137 0.4350152905198777 0.026455026455026454 0.022935779816513763
0 0.8042328042328042 0.3172782874617737 0.021164021164021163 0.04434250764525994
0 0.20105820105820105 0.35091743119266056 0.027210884353741496 0.04128440366972477
0 0.7261073318216176 0.7958715596330275 0.031617535903250185 0.047354740061162075
0 0.9104308390022676 0.24388379204892965 0.02343159486016629 0.0290519877675841
0 0.6923658352229781 0.31345565749235477 0.022675736961451247 0.03058103975535168
0 0.610355253212396 0.44788990825688074 0.021919879062736205 0.03951070336391437
0 0.608843537414966 0.34174311926605505 0.021919879062736205 0.0290519877675841
0 0.3996674225245654 0.6712232415902141 0.02349206349206349 0.03307339449541284
0 0.32086167800453513 0.4892966360856269 0.02040816326530612 0.027522935779816515
0 0.4799697656840514 0.6016819571865444 0.021164021164021163 0.022935779816513763
0 0.8110355253212396 0.19342507645259938 0.02418745275888133 0.0382262996941896
0 0.29667422524565384 0.5206422018348624 0.01889644746787604 0.0290519877675841
0 0.4363114134542706 0.7351834862385321 0.018873771730914587 0.031376146788990825
0 0.5582010582010583 0.5779816513761468 0.01889644746787604 0.03363914373088685
0 0.5098261526832956 0.4350152905198777 0.01889644746787604 0.0290519877675841
0 0.38284202569916853 0.3287461773700306 0.024943310657596373 0.03058103975535168
0 0.2905668934240363 0.20747706422018347 0.022675736961451247 0.0290519877675841
0 0.7876039304610734 0.1704892966360856 0.02418745275888133 0.035168195718654434
0 0.15381708238851097 0.5504587155963303 0.02343159486016629 0.03058103975535168
0 0.3235071806500378 0.3516819571865443 0.02418745275888133 0.027522935779816515
0 0.9247921390778534 0.2217125382262997 0.02343159486016629 0.03363914373088685
0 0.8340891912320484 0.6085626911314985 0.026455026455026454 0.03363914373088685
0 0.6997883597883598 0.4951223241590214 0.024051398337112624 0.044159021406727825
0 0.47052154195011336 0.5863914373088684 0.015873015873015872 0.04128440366972477
0 0.13099773242630386 0.7123241590214068 0.024504913076341648 0.027079510703363917
0 0.07953892668178383 0.7658103975535168 0.02761148904006047 0.02863914373088685
0 0.10229024943310659 0.538211009174312 0.021005291005291006 0.023241590214067277
0 0.13981103552532123 0.35859327217125386 0.0209297052154195 0.023103975535168193
0 0.15089191232048374 0.42197247706422025 0.025510204081632654 0.0236085626911315
0 0.13043839758125472 0.30564220183486235 0.02520786092214664 0.026269113149847093
0 0.09275132275132275 0.12764525993883793 0.02253968253968254 0.028134556574923544
0 0.1384278155706727 0.11330275229357797 0.023000755857898715 0.02518348623853211
0 0.03795162509448224 0.17374617737003056 0.02017384731670446 0.02477064220183486
0 0.2647165532879819 0.0391131498470948 0.018095238095238095 0.03247706422018348
0 0.27588057445200304 0.1079051987767584 0.025895691609977324 0.04259938837920489
0 0.299546485260771 0.14276758409785933 0.018095238095238095 0.05105504587155964
0 0.2501814058956916 0.18811926605504586 0.022343159486016628 0.027767584097859326
0 0.25643235071806497 0.3537155963302753 0.023938019652305367 0.029281345565749232
0 0.3361602418745276 0.3172018348623853 0.01850340136054422 0.02246177370030581
0 0.430249433106576 0.6387003058103975 0.02250944822373394 0.028211009174311925
0 0.2928949357520786 0.7909480122324158 0.03498866213151927 0.021590214067278287
0 0.3682464096749811 0.9120642201834862 0.01958427815570673 0.025688073394495414
0 0.12303099017384732 0.9138990825688075 0.0290400604686319 0.02665137614678899
0 0.04625850340136055 0.8813302752293578 0.023408919123204835 0.028623853211009173
0 0.2518291761148904 0.4486697247706422 0.023749055177626606 0.03495412844036697
0 0.6796069538926682 0.9151834862385321 0.02238095238095238 0.037660550458715594
0 0.6556462585034013 0.3495412844036697 0.02295540438397581 0.0331651376146789
0 0.6297354497354497 0.10660550458715597 0.02749055177626606 0.0391131498470948
0 0.5703401360544217 0.06857798165137614 0.016825396825396827 0.02668195718654434
0 0.5900907029478458 0.09830275229357799 0.01379440665154951 0.02522935779816514
0 0.4043990929705215 0.05229357798165138 0.03880574452003024 0.0418348623853211
0 0.35705215419501135 0.16847094801223242 0.02143613000755858 0.040902140672782875
0 0.6957974300831443 0.44972477064220184 0.02419501133786848 0.03735474006116208
0 0.9408692365835223 0.8781804281345567 0.02074829931972789 0.023501529051987765
0 0.946386999244142 0.7288226299694189 0.018246409674981104 0.059801223241590214
0 0.9606349206349207 0.6375382262996941 0.021602418745275888 0.046681957186544346
0 0.9441572184429327 0.12318042813455658 0.021526832955404383 0.023027522935779816
0 0.6539984882842026 0.2417737003058104 0.035336356764928196 0.017446483180428136
0 0.7468631897203326 0.25444954128440367 0.02387755102040816 0.02614678899082569
0 0.47103552532123955 0.29192660550458716 0.01801965230536659 0.03333333333333333