0 0.8353808758703086 0.7033123689727464 0.08718329007539237 0.10276729559748433
0 0.49260083220038725 0.8159748427672957 0.09277798376797262 0.11073375262054504
0 0.734734066658427 0.3334171907756813 0.06519177687142096 0.15958071278825997
0 0.49135665142339224 0.9132704402515722 0.09609854570922421 0.10721174004192888
0 0.8227577967288756 0.23335429769392033 0.09280270259135678 0.1163941299790356
0 0.24083549623037945 0.4942767295597485 0.09502739669591727 0.11656184486373175
0 0.7817863469698842 0.5337106918238994 0.0651423392246529 0.14825995807127884
0 0.6455114736538541 0.5411530398322851 0.07943805874840344 0.11161425576519918
0 0.7922712478886005 0.8962473794549265 0.11273431384666083 0.0971488469601676
0 0.956054051827133 0.23834381551362682 0.08789189634573395 0.12557651991614252
0 0.33218802784987433 0.39207547169811324 0.06183825649899067 0.15555555555555559
0 0.26466032216866475 0.7265199161425576 0.09947678490503852 0.11689727463312362
0 0.5096774193548387 0.39473794549266245 0.08833683516664606 0.11228511530398325
0 0.8223128579079636 0.7684696016771488 0.08945742182672105 0.1142557651991614
0 0.44381411444815233 0.21851153039832283 0.07079471017179575 0.16943396226415097
0 0.7220203518312528 0.6071069182389937 0.05962180200222459 0.15727463312368983
0 0.6510484900918717 0.9172746331236897 0.09707081942899541 0.07522012578616354
0 0.5335310839204055 0.6335849056603774 0.07272277839574831 0.10167714884696022
0 0.4538211181147777 0.47161425576519916 0.07268981996456962 0.09412997903563936
0 0.3998434474519013 0.8512788259958072 0.09500267787253325 0.11090146750524119
0 0.2212252296790673 0.590125786163522 0.08831211634326203 0.10662473794549279
0 0.08238371853499772 0.6468343815513626 0.06268693610184155 0.09526205450733741
0 0.3704816050755984 0.49771488469601677 0.060775347093478406 0.16679245283018865
0 0.39146788612862027 0.079958071278826 0.08718329007539237 0.10276729559748428
0 0.26041692415441026 0.021236897274633126 0.09591727433774154 0.04247379454926625