0 0.8604869608206649 0.4919357092941999 0.08683722654801625 0.09164220824598183
0 0.5670127301940427 0.8210412299091544 0.09249783710295391 0.09925925925925931
0 0.6804968483500186 0.223487071977638 0.06204424669385743 0.15169811320754717
0 0.5908169571128413 0.9141229909154437 0.09588431590656289 0.10307477288609351
0 0.739166975651959 0.07466107617051013 0.0914349276974414 0.10301886792452829
0 0.2567049808429119 0.6947728860936407 0.09477196885428259 0.10306079664570238
0 0.7708317884068718 0.3742138364779874 0.06300828080583358 0.14039133473095733
0 0.6455567914967248 0.4710552061495458 0.07917439129897433 0.10097833682739335
0 0.8703497713508835 0.7153598881900769 0.11172908169571118 0.12402515723270444
0 0.8689407984179953 0.02219426974143955 0.09526634532196261 0.0443885394828791
0 0.3187492275367692 0.5430747728860936 0.05868248671363234 0.1497693920335429
0 0.33366703744901743 0.8900000000000001 0.09922135706340383 0.10311670160726777
0 0.48430354715115564 0.42780573025856045 0.08696082066493625 0.10107617051013278
0 0.864046471387962 0.5598043326345213 0.08921023359288077 0.10299091544374565
0 0.3824001977505871 0.3111809923130678 0.067729576072179 0.1612019566736548
0 0.7321962674576691 0.4793990216631726 0.05648251143245587 0.1516282320055904
0 0.7432332220986282 0.8254297693920335 0.09697194413545931 0.10120195667365489
0 0.5628723272772216 0.6277288609364081 0.07240143369175635 0.09334730957372452
0 0.4506612285255222 0.5338714185883997 0.07227783957483622 0.08391334730957357
0 0.4885057471264368 0.9135220125786163 0.09469781238413051 0.09740041928721181
0 0.2609566184649611 0.7947030048916841 0.0879990112470646 0.09542976939203356
0 0.14451860091459645 0.9385953878406708 0.06231615375108147 0.08756114605171206
0 0.37900135953528613 0.6130607966457023 0.0588307996539365 0.16109014675052402
0 0.3007292052898282 0.2207127882599581 0.08681250772463235 0.08975541579315165
0 0.15779260907180817 0.22250873515024458 0.09581015943641082 0.09741439552760306