0 0.0691838076453461 0.8511930199430199 0.02180896027049874 0.08742877492877509
0 0.7025734948811871 0.5318376068376068 0.05008609623994237 0.029344729344729377
0 0.6694154848001003 0.5600783475783475 0.032422278576124584 0.039814814814814796
0 0.8717886102501488 0.6126602564102565 0.044193982655521116 0.03230056980056982
0 0.4132149901380671 0.2697293447293448 0.034920634920634935 0.03511396011396018
0 0.08681944835790989 0.6749109686609687 0.04502676810369117 0.030733618233618278
0 0.775986975986976 0.5725783475783476 0.029015998246767503 0.03646723646723652
0 0.04501111424188347 0.8397613960113961 0.021859052628283398 0.0938390313390315
0 0.5464857080241695 0.4547720797720798 0.05011114241883472 0.032549857549857585
0 0.39601765755611906 0.5021011396011397 0.0458720766413074 0.030769230769230844
0 0.5621959237343853 0.6268518518518519 0.01844024920947995 0.08888888888888893
0 0.40894774740928586 0.8590990028490029 0.02438245515168591 0.09234330484330491
0 0.6155818540433925 0.5377849002849003 0.04670486208947745 0.02920227920227912
0 0.44877743339281806 0.5491809116809117 0.0226667918975611 0.08906695156695157
0 0.14760339375723988 0.7215277777777778 0.037469083622929805 0.036823361823361794
0 0.08329106790645252 0.6018696581196581 0.045884599730753574 0.032371794871794944
0 0.4945681099527254 0.7858084045584045 0.05100654331423566 0.03899572649572637
0 0.22467674775367083 0.6358618233618234 0.0459221689990921 0.037179487179487256
0 0.07831313985160139 0.9380876068376068 0.047600262984878364 0.035648148148148276
0 0.463714348329733 0.3519586894586894 0.05346733039040729 0.029487179487179452
0 0.9434989511912588 0.9761396011396011 0.04847061770138697 0.03888888888888886
0 0.799358191665884 0.8058582621082622 0.02642998027613411 0.02995014245014242
0 0.47665696127234586 0.2780092592592593 0.04676747753670833 0.037215099715099724
0 0.6231144923452615 0.4203525641025641 0.01847781847781848 0.09369658119658124
0 0.4680755142293604 0.5315705128205128 0.0226667918975611 0.08906695156695157
0 0.8240505932813625 0.34310897435897436 0.044256598102751996 0.04031339031339033
0 0.9831439216054602 0.5885149572649573 0.02614821076359543 0.10202991452991465
0 0.5747878901725055 0.3998931623931624 0.04670486208947745 0.029202279202279212
0 0.47486929025390556 0.42772435897435895 0.047525124448201325 0.026032763532763663
0 0.27468770545693627 0.4393162393162393 0.035740897279358814 0.03194444444444454
0 0.4638207945900254 0.3655804843304843 0.05683604145142623 0.028027065527065603
0 0.38395479164709934 0.5264245014245014 0.04845809461194079 0.037286324786324765
0 0.5453398453398454 0.9569622507122506 0.041745718668795465 0.04341168091168102
0 0.9880529726683573 0.8923076923076922 0.013800444569675174 0.03582621082621055
0 0.485247800632416 0.8366809116809116 0.05016123477661943 0.03896011396011399
0 0.14085657931811776 0.7773148148148148 0.021596067749913888 0.06018518518518517
0 0.7103378103378103 0.6603276353276354 0.01979274286966584 0.0456908831908833
0 0.15267837575529883 0.5599358974358974 0.05856422779499702 0.03290598290598286
0 0.23109796186719267 0.5384081196581197 0.04428164428164435 0.04351851851851853
0 0.36945618484080023 0.7797364672364672 0.026110641495256902 0.09722222222222235
0 0.3407908330985254 0.13931623931623932 0.02727528881375034 0.02998575498575498
0 0.28494098494098496 0.832247150997151 0.019917973764127603 0.06171652421652432
0 0.15066215835446606 0.5181980056980058 0.05177671331517483 0.029415954415954505
0 0.9500516577439654 0.7873753561253561 0.017670079208540777 0.09846866096866098
0 0.7637331329639022 0.626531339031339 0.04249084249084267 0.030626780626780585
0 0.982455151685921 0.7166488603988603 0.02400676246830062 0.044266381766381833
0 0.039165962242885315 0.36210826210826214 0.02101374409066717 0.09380341880341876
0 0.9329639021946713 0.5471509971509971 0.047587739895432406 0.03404558404558399
0 0.9290660906045523 0.7512464387464387 0.01844024920947995 0.08888888888888893
0 0.4249804326727404 0.6939636752136752 0.03652359036974426 0.023967236467236412
0 0.13153626999780846 0.9363247863247863 0.04932844932844933 0.04052706552706535
0 0.7077799693184309 0.7114850427350428 0.022416330108637764 0.057015669515669526
0 0.546632854325162 0.4195334757834758 0.04924078770232614 0.029309116809116815
0 0.8896621896621897 0.4668269230769231 0.018452772298925935 0.09049145299145304
0 0.3632603863373094 0.36534900284900285 0.016737109044801315 0.0872150997150997
0 0.07253060329983406 0.46844729344729347 0.021871575717729574 0.09544159544159542
0 0.46810369118061423 0.48110754985754983 0.03576594345825117 0.03514957264957275
0 0.6104411258257413 0.7450320512820513 0.048483140790832956 0.040491452991452966
0 0.523036223036223 0.3736823361823362 0.0493159262390032 0.03892450142450143
0 0.3106508875739645 0.5537749287749287 0.045114429729814304 0.041951566951566995
0 0.9547791240098932 0.20283119658119658 0.04083779468394855 0.035363247863247856
0 0.9145925299771455 0.46707621082621087 0.017569894492971368 0.08564814814814817
0 0.6856516702670549 0.3669159544159544 0.030631476785322905 0.026923076923076942
0 0.5487429948968411 0.47329059829059833 0.040825271594502374 0.03376068376068366
0 0.9697692620769546 0.2827635327635328 0.023499577345731347 0.08750000000000004
0 0.16847938386399924 0.3651531339031339 0.01931060392598853 0.0921296296296297
0 0.6858927397388936 0.3436965811965812 0.03658620581697505 0.031980056980057014
0 0.5446135061519677 0.32332621082621077 0.023487054256284976 0.08589743589743594
0 0.5346670423593501 0.618482905982906 0.01658683197144739 0.06798433048433047
0 0.3242227857612473 0.2900106837606838 0.018465295388372303 0.09209401709401706
0 0.040515325130709746 0.6969907407407407 0.0315769700385085 0.03977920227920224
0 0.88064556526095 0.8269052706552708 0.016311324003631895 0.03272792022792022
0 0.5625716164177703 0.7830662393162393 0.016536739613662685 0.061574074074074066
0 0.08307191384114461 0.5738247863247863 0.045947215177984405 0.040384615384615456
0 0.9751385366769982 0.9157941595441594 0.04507686046147568 0.03714387464387487
0 0.29743589743589743 0.10625000000000002 0.045884599730753574 0.032371794871794854
0 0.08512883128267743 0.13415242165242164 0.018239879778341322 0.06324786324786325
0 0.7438245515168591 0.7282229344729345 0.018127171973325733 0.04882478632478637
0 0.14948811871888795 0.6383012820512821 0.02092608246454403 0.08258547008547004
0 0.81764816380201 0.8755163817663817 0.016536739613662685 0.061574074074074066
0 0.24077517923671768 0.10065883190883192 0.040812748505056194 0.032158119658119655
0 0.434701480855327 0.4780982905982907 0.02604802604802602 0.08920940170940184
0 0.9721956106571491 0.6473290598290599 0.041658057042672426 0.03219373219373212
0 0.48867912714066564 0.6269586894586895 0.02341191571960792 0.07628205128205132
0 0.1641025641025641 0.6701566951566952 0.02431983970445508 0.0843304843304844
0 0.8175104098181021 0.7497507122507122 0.021671206286590753 0.06980056980056978
0 0.22022478945555865 0.9312499999999998 0.04934097241789555 0.042129629629629455
0 0.9402867787483172 0.24066951566951567 0.019147803763188434 0.07129629629629629
0 0.37025453179299334 0.7196937321937321 0.03996743996743996 0.03212250712250718
0 0.8905450674681442 0.2553952991452992 0.02270436116589982 0.09387464387464388
0 0.10221032528724835 0.481712962962963 0.021633637018252418 0.06499287749287748
0 0.4171409786794402 0.44772079772079765 0.019185373031526867 0.0761039886039885
0 0.21967377351992737 0.4281873219373219 0.045884599730753574 0.032371794871794944
0 0.20039447731755425 0.3400641025641025 0.017582417582417593 0.08725071225071226
0 0.12261669953977646 0.281517094017094 0.01989292758523525 0.05851139601139602
0 0.041282364359287435 0.7410790598290599 0.022516514824207128 0.06983618233618234
0 0.6361071976456592 0.13653846153846155 0.05185185185185189 0.03903133903133903
0 0.8742963589117434 0.663230056980057 0.02130803669265183 0.023326210826210805
0 0.5229047305970382 0.6812678062678063 0.047612786074324565 0.03725071225071238
0 0.9730346576500422 0.43028846153846156 0.021808960270498886 0.0874287749287749
0 0.2251338405184559 0.5862179487179486 0.019197896120973043 0.0777065527065526
0 0.8575968191352807 0.5808226495726496 0.04840800225415609 0.030876068376068353
0 0.7191540653079115 0.8152955840455841 0.02304874612566919 0.029807692307692344
0 0.6598979368210137 0.4235042735042735 0.01912275758429608 0.06809116809116816
0 0.5763971071663379 0.2814102564102564 0.041658057042672426 0.032193732193732214
0 0.862477693246924 0.3943910256410257 0.04423155192385945 0.037108262108262124
0 0.0958673804827651 0.7513888888888889 0.018415203030587645 0.08568376068376073
0 0.15158886697348237 0.42051282051282046 0.01763250994020225 0.09366096866096868
0 0.8967032967032968 0.7731125356125356 0.01594189286496998 0.09358974358974355
0 0.9038070191916345 0.4385861823361824 0.016712062865909153 0.0840099715099715
0 0.11294574371497448 0.3956552706552707 0.01927303465765005 0.08732193732193731
0 0.2659184120722582 0.5607015669515669 0.020118343195266234 0.08735754985754997
0 0.28835039604270374 0.3493767806267806 0.015804138881061944 0.07596153846153843
0 0.03574402805172036 0.6271011396011397 0.020155912463604774 0.09216524216524227
0 0.4903165210857519 0.8905626780626781 0.02391910084217777 0.033048433048433114
0 0.7998058921135844 0.7009437321937322 0.018465295388372303 0.09209401709401714
0 0.30914811684042454 0.2533297720797721 0.020068250837481625 0.08094729344729346
0 0.42266053035283807 0.6674323361823361 0.03230957077110919 0.025391737891737876
0 0.237863560940484 0.8094373219373219 0.0459221689990921 0.037179487179487256
0 0.2774114774114774 0.35532407407407407 0.015854231238846554 0.08237179487179483
0 0.20035064650449266 0.7670049857549858 0.02155223693685232 0.16271367521367516
0 0.10088287780595473 0.09556623931623931 0.046780000626154485 0.03881766381766381
0 0.14570301493378418 0.09985754985754987 0.045076860461475875 0.03714387464387464
0 0.1909144986068063 0.10016025641025642 0.044244075013305774 0.03871082621082623
0 0.1620550389781159 0.19186253561253563 0.024357408972793607 0.08913817663817661
0 0.2227857612472997 0.1775997150997151 0.027788735481043186 0.09569088319088319
0 0.06769042922889078 0.17346866096866095 0.021821483359944917 0.08903133903133902
0 0.03892176199868508 0.2227207977207977 0.02609811840581071 0.09561965811965806
0 0.03603518988134372 0.5021545584045584 0.02270436116589963 0.09387464387464388
0 0.13511787357941205 0.4214209401709401 0.017569894492971416 0.08564814814814817
0 0.1562881562881563 0.3189814814814815 0.01927303465765005 0.08732193732193731
0 0.18347578347578347 0.33774928774928775 0.02013086628471241 0.08896011396011397
0 0.2829842522150215 0.6359152421652422 0.021433267587113787 0.03935185185185183
0 0.30020350020350023 0.6766915954415955 0.019185373031526867 0.0761039886039885
0 0.23106665414357722 0.7506766381766382 0.021001221001220993 0.09220085470085465
0 0.23991421683729378 0.6933760683760684 0.01755737140352519 0.08404558404558407
0 0.23049372280141509 0.8395655270655271 0.04505181428258352 0.03393874643874666
0 0.3198647506339814 0.9218304843304842 0.02477693246924018 0.034686609686609964
0 0.07559249866942175 0.7521367521367522 0.02098869791177484 0.09059829059829055
0 0.35844838921761996 0.6687321937321937 0.05447543909082372 0.050356125356125346
0 0.4296108449954603 0.7998931623931623 0.021063836448451875 0.10021367521367516
0 0.4899251745405591 0.4620014245014245 0.012992705300397665 0.04059829059829066
0 0.500601108293416 0.5305377492877492 0.017607463761309897 0.09045584045584047
0 0.5213549982780752 0.5370192307692309 0.02184652953883722 0.0922364672364674
0 0.551332143639836 0.64241452991453 0.020105820105820058 0.08575498575498586
0 0.47085564008640934 0.8873397435897437 0.016799724492032195 0.09522792022792022
0 0.4917691994615072 0.8601851851851853 0.032397232397232426 0.036609686609686595
0 0.6852509314047777 0.9644586894586896 0.029015998246767313 0.03646723646723634
0 0.6255126639742025 0.6191061253561253 0.04599730753576897 0.046794871794871865
0 0.6576719576719576 0.6252670940170939 0.02442002442002444 0.09715099715099722
0 0.641892864969788 0.4443732193732194 0.01755737140352519 0.08404558404558407
0 0.7263736263736263 0.3333867521367521 0.02520271751040979 0.08917378917378918
0 0.7436460974922513 0.435042735042735 0.023537146614069682 0.09230769230769234
0 0.7889984659215428 0.50744301994302 0.046729908268369806 0.03240740740740733
0 0.685172662095739 0.1434116809116809 0.0442565981027518 0.04031339031339033
0 0.7218872295795372 0.13774928774928777 0.018452772298926126 0.09049145299145299
0 0.7498450267681036 0.14693732193732195 0.04434425972887523 0.051531339031339045
0 0.7834757834757835 0.1251246438746439 0.04338624338624341 0.03707264957264956
0 0.8303966688582073 0.12790242165242163 0.04676747753670833 0.037215099715099724
0 0.8950377258069567 0.12742165242165243 0.03490811183118896 0.03351139601139599
0 0.8474437243668013 0.2007122507122507 0.02097617482232864 0.08899572649572654
0 0.8064838295607526 0.20379273504273504 0.021808960270498695 0.08742877492877496
0 0.8666823205284744 0.22955840455840454 0.019285557747096182 0.08892450142450141
0 0.8151623305469459 0.449269943019943 0.018452772298926126 0.09049145299145304
0 0.829776775930622 0.4811253561253561 0.021038790269559522 0.09700854700854696
0 0.8500516577439654 0.48037749287749293 0.020193481731943293 0.09697293447293458
0 0.8691399768322845 0.48999287749287757 0.020143389374158393 0.09056267806267816
0 0.702225979149056 0.757710113960114 0.04512695281926058 0.04355413105413092
0 0.7739895432203124 0.9657941595441596 0.02653016499170333 0.04277065527065524
0 0.7997839767070536 0.9684829059829059 0.02399423937885464 0.04266381766381773
0 0.8453993300147147 0.9663995726495725 0.04683009298393921 0.045227920227920146
0 0.889386681694374 0.9722578347578347 0.045984784446322986 0.04519230769230777
0 0.9007889546351083 0.9174679487179487 0.019955543032466327 0.06652421652421663
0 0.8323440092670862 0.8096509971509972 0.020963651732882463 0.08739316239316235
0 0.8820700666854514 0.7388532763532764 0.018452772298925935 0.09049145299145304
0 0.9096177326946557 0.7496260683760684 0.016749632134247492 0.0888176638176638
0 0.9848282771359694 0.8040598290598291 0.020155912463604764 0.09216524216524227
0 0.7824833286371747 0.7010149572649572 0.017469709777401955 0.07282763532763535
0 0.7601640524717449 0.7104878917378917 0.01811464888387975 0.04722222222222227
0 0.5887887041733196 0.4613603988603989 0.024394978241132088 0.09394586894586901
0 0.16847938386399927 0.5814280626780627 0.04513947590870666 0.04515669515669502
0 0.32636736482890333 0.6185185185185185 0.02066309758617452 0.04893162393162388
0 0.12612942612942613 0.19034900284900283 0.016912432297047687 0.10965099715099715
0 0.5709902632979557 0.8330840455840456 0.025634764096302394 0.036324786324786446