0 0.07945587176356407 0.08488247863247864 0.026473811089195703 0.09273504273504275
0 0.7145800068876992 0.43498931623931625 0.051770451770451836 0.04006410256410257
0 0.6814313891236968 0.4061965811965812 0.03516483516483509 0.047542735042735075
0 0.8841770764847686 0.3628739316239316 0.04595347672270764 0.042521367521367474
0 0.42535925612848696 0.6847222222222222 0.03670517516671362 0.04294871794871787
0 0.0972981434519896 0.2620192307692308 0.046748692902539066 0.04102564102564106
0 0.7876929338467801 0.39839743589743587 0.030788015403400013 0.04220085470085467
0 0.05516733978272441 0.09519230769230769 0.027519489057950586 0.09925213675213673
0 0.5585078738924893 0.5053952991452991 0.05187063648602125 0.04326923076923077
0 0.4074293228139382 0.45048076923076924 0.0475940014401553 0.04113247863247876
0 0.5735105350489966 0.33376068376068374 0.02309257693873071 0.09230769230769234
0 0.42002755079678156 0.09332264957264957 0.030005322313014667 0.09797008547008546
0 0.627284681130835 0.4251068376068376 0.04838921761998692 0.03963675213675216
0 0.46035189881343724 0.405982905982906 0.027369211984596565 0.09444444444444446
0 0.15830124291662753 0.21810897435897436 0.04013650167496325 0.04497863247863247
0 0.09408284023668638 0.3356303418803419 0.047644093797939956 0.042735042735042764
0 0.5056228671613288 0.17099358974358972 0.05291631445477592 0.04978632478632478
0 0.23537146614069693 0.3081196581196581 0.04774427851350932 0.04594017094017088
0 0.08794026486334179 0.010416666666666666 0.04908424908424908 0.020833333333333332
0 0.4758867912714066 0.6043269230769232 0.05515168592091676 0.040491452991452966
0 0.9552017782787013 0.013141025641025646 0.05038038884192723 0.026282051282051293
0 0.8109608340377571 0.16538461538461538 0.028051720359412696 0.035470085470085455
0 0.48883253498638113 0.6791132478632479 0.04863967940891025 0.047649572649572675
0 0.6352431044738737 0.5439636752136752 0.024088162549701055 0.09722222222222217
0 0.4800225415610031 0.42441239316239315 0.02816442816442809 0.09294871794871795
0 0.8365517673209981 0.6311431623931624 0.046999154691462305 0.04903846153846157
0 0.9897107166337935 0.3922542735042735 0.020578566732412876 0.10779914529914528
0 0.5869885100654332 0.5613247863247863 0.04838921761998692 0.03963675213675216
0 0.48668482514636363 0.5289529914529916 0.04913434144203374 0.036538461538461464
0 0.2861619861619862 0.5076388888888889 0.03745029898876044 0.03985042735042736
0 0.47588366049904507 0.5906517094017094 0.05853292007138168 0.04091880341880337
0 0.39521617983156443 0.42628205128205127 0.050330296484142716 0.047863247863247874
0 0.5563539025077486 0.014022435897435898 0.04456341379418303 0.028044871794871796
0 0.9958705112551267 0.08846153846153847 0.00825897748974647 0.03867521367521366
0 0.4963620425158888 0.11907051282051281 0.052071005917159685 0.049679487179487176
0 0.15147615916846685 0.16266025641025642 0.025622241006856408 0.06549145299145301
0 0.7220594220594221 0.3077457264957265 0.021790175636329526 0.050641025641025676
0 0.1638082715005792 0.38071581196581195 0.06037381421996806 0.04594017094017088
0 0.24225603456372688 0.4061965811965812 0.046254030869415486 0.05213675213675218
0 0.3804389342850881 0.17072649572649573 0.03184621646160105 0.10299145299145297
0 0.35293822986130674 0.8113247863247863 0.028897028897028925 0.03557692307692315
0 0.295519864750634 0.11469017094017094 0.023931623931623947 0.0652777777777778
0 0.16172943865251554 0.42280982905982906 0.053461068845684204 0.040277777777777767
0 0.9619830312138005 0.19134615384615386 0.024238439623055174 0.10202991452991456
0 0.7757959988729219 0.34358974358974353 0.04416267493190577 0.03910256410256407
0 0.9904824520209137 0.2636752136752137 0.019035095958172654 0.049679487179487176
0 0.05060267367959676 0.5736111111111111 0.0266240881625497 0.09754273504273506
0 0.9453054068438682 0.43157051282051284 0.049384803230957265 0.044551282051281976
0 0.9410319025703641 0.22697649572649573 0.023987977834131646 0.09401709401709404
0 0.4362512131742901 0.2594017094017094 0.03804514573745334 0.03194444444444445
0 0.14181772643311102 0.013514957264957266 0.052020913559375076 0.02702991452991453
0 0.7195861118938042 0.25576923076923075 0.025522056291287 0.0622863247863248
0 0.5587645972261357 0.540758547008547 0.05092514323283561 0.03995726495726487
0 0.9023606023606024 0.5102029914529914 0.02319276165430012 0.09551282051282055
0 0.3751635828558906 0.5856837606837607 0.022197176043329967 0.09059829059829055
0 0.08339751416674493 0.46891025641025647 0.02756958141573527 0.10085470085470095
0 0.4799098337559876 0.4751068376068376 0.037550483704329854 0.04305555555555557
0 0.6220656836041452 0.2174145299145299 0.05127578973732816 0.05117521367521368
0 0.5351303966688582 0.585576923076923 0.052071005917159685 0.049679487179487176
0 0.32208759901067596 0.3944978632478633 0.04794464794464795 0.05235042735042729
0 0.968009768009768 0.7778311965811966 0.04262233493002743 0.04369658119658117
0 0.9269997808459347 0.5111111111111111 0.023042484580946005 0.09070512820512824
0 0.6981090134936289 0.6003739316239316 0.03217807833192443 0.03279914529914535
0 0.5604677373908142 0.4866452991452991 0.04257224257224253 0.04209401709401707
0 0.9829341598572368 0.6987179487179487 0.02900973670204432 0.09305555555555546
0 0.1796906796906797 0.5766025641025642 0.02488337872953258 0.09572649572649575
0 0.6984126984126984 0.6236645299145298 0.03829560752637687 0.03995726495726505
0 0.557095895557434 0.6366987179487179 0.028959644344259614 0.09145299145299135
0 0.5461381922920384 0.3404380341880342 0.02075075921229785 0.07126068376068381
0 0.33632009016624403 0.659775641025641 0.02319276165430012 0.09551282051282055
0 0.051147428070504986 0.23808760683760682 0.034269434269434275 0.04583333333333337
0 0.8923327384865846 0.1486645299145299 0.017958110265802643 0.03579059829059831
0 0.5736983813906891 0.1768696581196581 0.02055038978115903 0.06485042735042736
0 0.0941141479603018 0.36378205128205127 0.0487398641244795 0.05085470085470088
0 0.9814720891643968 0.06298076923076924 0.03705582167120637 0.0454059829059829
0 0.3097836636298175 0.8425213675213675 0.04764409379793991 0.042735042735042854
0 0.09687548918318149 0.8050747863247864 0.022341191571960805 0.06826923076923062
0 0.7556087786857019 0.24075854700854704 0.020994959456498 0.05213675213675209
0 0.16050843743151436 0.3022970085470085 0.026273441658057048 0.08632478632478634
0 0.829169406092483 0.09631410256410257 0.02055038978115903 0.06485042735042733
0 0.2529977145361761 0.844871794871795 0.04336745875207415 0.04059829059829084
0 0.4464450079834696 0.47692307692307695 0.031595754672677716 0.09497863247863246
0 0.98147835070912 0.33247863247863246 0.037043298581760004 0.040598290598290565
0 0.5003882157728312 0.3293269230769231 0.028608997839767062 0.08023504273504273
0 0.17479728248959017 0.2707264957264957 0.029754860524091285 0.08995726495726494
0 0.8292977677593063 0.22259615384615386 0.025922795153564257 0.07510683760683762
0 0.23035596881750728 0.01917735042735043 0.0521711906327291 0.03835470085470086
0 0.9532074762843995 0.7386752136752137 0.023386869540715952 0.07478632478632473
0 0.38147208916439684 0.23092948717948716 0.041676841676841686 0.040384615384615366
0 0.9039009423624808 0.7223824786324786 0.028364797595566912 0.09935897435897435
0 0.11315550546319778 0.4571047008547009 0.02577251808021038 0.07029914529914531
0 0.42912244450705983 0.5064636752136752 0.023537146614069682 0.07959401709401721
0 0.23126702357471585 0.5161858974358975 0.04764409379793991 0.042735042735042854
0 0.2123665508280893 0.6038461538461538 0.023042484580946102 0.09070512820512824
0 0.134285088131242 0.6579594017094017 0.023036223036223012 0.06356837606837601
0 0.05146050530665915 0.1938034188034188 0.026768103691180607 0.07521367521367522
0 0.6488087411164335 0.8286324786324786 0.05376162299239215 0.0498931623931622
0 0.886403055633825 0.31191239316239316 0.022779499702576495 0.028418803418803443
0 0.5344134497980652 0.2775641025641025 0.04943489558874178 0.04615384615384608
0 0.985958485958486 0.5511217948717948 0.027269027269027156 0.09123931623931633
0 0.2360790206944053 0.35790598290598286 0.02358723897185439 0.08119658119658113
0 0.8698631852478006 0.3936431623931624 0.050129927053004085 0.041452991452991465
0 0.7303528380451457 0.15224358974358973 0.024670486208947774 0.03504273504273506
0 0.672114210575749 0.5425213675213675 0.02328668482514635 0.0715811965811967
0 0.5886071193763502 0.680982905982906 0.04336745875207425 0.04059829059829066
0 0.8748786825709903 0.5812499999999999 0.0469490623336776 0.047435897435897476
0 0.10638051407282176 0.18605769230769229 0.023837700760777673 0.08920940170940174
0 0.16264675495444725 0.5200320512820513 0.023242854012084826 0.09711538461538465
0 0.9084812623274162 0.20373931623931624 0.02160232929463707 0.0985042735042735
0 0.9164146394915627 0.5389957264957266 0.022096991327760364 0.08739316239316235
0 0.12433862433862436 0.5433760683760683 0.02473310165617856 0.09091880341880344
0 0.27723302338686956 0.3848824786324786 0.02557841019379489 0.09102564102564105
0 0.3000563539025078 0.5991987179487179 0.020155912463604764 0.07916666666666682
0 0.046538931154315774 0.3078525641025641 0.02572868726714881 0.09583333333333335
0 0.5010488087411163 0.06538461538461537 0.025615979462133415 0.038354700854700864
0 0.8117310040386964 0.271474358974359 0.024088162549701055 0.09722222222222225
0 0.32133621364390597 0.6962606837606838 0.024532732225039933 0.08450854700854703
0 0.43411915719608024 0.28621794871794876 0.033868695407156896 0.03301282051282055
0 0.24821076359537897 0.13514957264957267 0.048589587051125545 0.04604700854700857
0 0.2892144892144892 0.5917200854700855 0.021201590432359623 0.08568376068376073
0 0.2112739112739113 0.17521367521367523 0.031313985160139036 0.16677350427350426
0 0.11252308944616635 0.8441239316239316 0.04868977176669486 0.04925213675213678
0 0.15784728092420403 0.841613247863248 0.046949062333677696 0.04743589743589729
0 0.20332174947559561 0.8439102564102564 0.04615384615384612 0.04893162393162388
0 0.17408659716352026 0.750267094017094 0.029855045239660646 0.09316239316239315
0 0.2348799348799349 0.7675213675213676 0.0334867411790489 0.10160256410256406
0 0.07948717948717948 0.7646367521367521 0.02731911962681193 0.09284188034188044
0 0.05070911993988917 0.712767094017094 0.0317961241038164 0.10138888888888886
0 0.04706490091105476 0.43327991452991454 0.028364797595566815 0.09935897435897435
0 0.14648570802416958 0.5188568376068375 0.022992392223161493 0.08910256410256413
0 0.1675432829278983 0.6223824786324786 0.024783194013963266 0.09252136752136754
0 0.19501267962806423 0.6052350427350427 0.0256285025515795 0.09262820512820505
0 0.2940233555618171 0.3111645299145299 0.024125731818039585 0.044551282051282066
0 0.3110203187126264 0.271207264957265 0.02358723897185439 0.08119658119658113
0 0.2419586111893804 0.19305555555555556 0.025778779624933516 0.09743589743589745
0 0.25054945054945055 0.25069444444444444 0.022992392223161493 0.08910256410256413
0 0.24129175667637207 0.10384615384615384 0.04769418615572461 0.044337606837606826
0 0.3305062458908613 0.025801282051282053 0.02651138035753416 0.04006410256410257
0 0.08596787827557058 0.1846153846153846 0.026573995804765042 0.09594017094017095
0 0.3695000156538618 0.2823183760683761 0.05754359600513451 0.06314102564102561
0 0.4405779405779406 0.15347222222222223 0.026824457593688376 0.10395299145299142
0 0.5017438402053787 0.4948717948717949 0.015672646441877287 0.043482905982905974
0 0.5123446354215585 0.42676282051282055 0.023142669296515418 0.09391025641025645
0 0.5334022103252872 0.4216880341880342 0.027469396700165977 0.09764957264957275
0 0.5628158166619706 0.3174145299145299 0.025528317836010183 0.08942307692307694
0 0.48160671237594305 0.06784188034188034 0.022447637832253304 0.09861111111111111
0 0.5028458720766413 0.09572649572649573 0.03416924955386493 0.04262820512820512
0 0.6963307347922733 0.011217948717948718 0.03168341629880095 0.022435897435897436
0 0.6370871293948217 0.3450320512820513 0.04809492501800206 0.0571581196581196
0 0.669183807645346 0.34017094017094013 0.030155599386368782 0.10277777777777776
0 0.6540340001878463 0.5206730769230768 0.022942299865376787 0.08749999999999986
0 0.7386932156162925 0.6362713675213675 0.030750446135061487 0.09487179487179495
0 0.7562975486052409 0.5342948717948718 0.029160013775398435 0.09786324786324777
0 0.801208478131555 0.4642628205128206 0.04928461851538785 0.041346153846153776
0 0.6978867286559595 0.8240384615384616 0.04704924704924701 0.050641025641025496
0 0.7350333427256505 0.8314102564102563 0.023987977834131646 0.09401709401709378
0 0.762778247393632 0.8230769230769232 0.047349801195955055 0.06025641025641011
0 0.7966218966218966 0.8469551282051282 0.046103753796061374 0.04732905982905978
0 0.8437118437118437 0.8466346153846153 0.048639679408910064 0.04764957264957231
0 0.9087536395228704 0.8504807692307693 0.03750039134654534 0.041452991452991646
0 0.8605522682445759 0.7745192307692308 0.02647381108919563 0.09273504273504275
0 0.8192292038445884 0.7692841880341881 0.026423718731411118 0.09113247863247864
0 0.8796155411540028 0.7463675213675214 0.024783194013963172 0.09252136752136754
0 0.8272784195861119 0.5245192307692308 0.024038070191916353 0.09561965811965806
0 0.8419899189129959 0.4928952991452991 0.027619673773520093 0.10245726495726487
0 0.862402554710247 0.4943376068376069 0.02587896434050293 0.10064102564102557
0 0.8816442816442817 0.4854700854700854 0.02572868726714881 0.09583333333333326
0 0.7139068908299678 0.20982905982905983 0.04794464794464795 0.05235042735042729
0 0.7855640086409317 0.014316239316239317 0.028452459221689954 0.028632478632478635
0 0.810948310948311 0.01306089743589744 0.026761842146457493 0.02612179487179488
0 0.8564979180363795 0.017334401709401714 0.04973544973544982 0.03466880341880343
0 0.9009267086190164 0.015277777777777776 0.048044832660217356 0.03055555555555555
0 0.9120033812341506 0.05849358974358976 0.024081901004978066 0.07008547008547009
0 0.844003005541467 0.16362179487179487 0.0256285025515794 0.09262820512820515
0 0.894242509627125 0.23691239316239318 0.023987977834131646 0.09401709401709404
0 0.9215146676685139 0.22702991452991456 0.022247268401114483 0.09220085470085465
0 0.9919241726934034 0.17649572649572648 0.016151654613193293 0.09743589743589745
0 0.7942769481231019 0.26965811965811964 0.021746344823267812 0.07617521367521363
0 0.7718731411039104 0.2588141025641026 0.020944867098713297 0.050534188034187986
0 0.6007983469521931 0.5008547008547009 0.03005541467079937 0.09957264957264957
0 0.1792930716007639 0.36025641025641025 0.048044832660217265 0.0555555555555555
0 0.33748786825709903 0.33060897435897435 0.023580977427131205 0.05405982905982908
0 0.13801070724147646 0.75 0.0237437775899314 0.11314102564102568
0 0.5823393131085438 0.12751068376068375 0.028252089790551323 0.04188034188034187