0 0.18279621612954944 0.873954884562751 0.023985890652557285 0.06551891581688957
0 0.922180993609565 0.3640930561073588 0.024613481756339012 0.0667726128989538
0 0.2013788680455347 0.4331435130004856 0.033106575963718805 0.04618372842449127
0 0.6457981172266886 0.23784046263188097 0.031232964566297865 0.043614532291528736
0 0.24280904280904284 0.5089215556438441 0.023985890652557285 0.06551891581688957
0 0.47421379326141233 0.6211804176047323 0.031860555670079456 0.04486822937359283
0 0.46492590302114106 0.4193307729660531 0.02647793123983598 0.06814991391868616
0 0.14335417668751002 0.7347591930428641 0.025250234774044283 0.06921820509424807
0 0.16572298953251335 0.6657263938551186 0.025250234774044283 0.0692182050942478
0 0.21934538125014313 0.7575817772480465 0.02776976110309446 0.07542488853573477
0 0.8773677821296869 0.0014501390544298706 0.023385785290547176 0.002900278108859741
0 0.1883666597952312 0.7129651701761357 0.023358299548775698 0.06426521873482546
0 0.11399711399711399 0.7400785767889462 0.02399505256648111 0.0667108109301196
0 0.9163082067843973 0.08317662119807531 0.023321651893080532 0.059497638281905255
0 0.16505875077303647 0.579313998145941 0.033106575963718805 0.04618372842449127
0 0.8085022561213037 0.43032269456584116 0.024631805584186383 0.06915640312541374
0 0.8162646876932592 0.35320708073985785 0.024004214480404937 0.06790270604334964
0 0.42876840972079067 0.14382642475610297 0.023985890652557285 0.0655189158168896
0 0.12440275773609108 0.28219220412307416 0.030623697290363933 0.04474462543592457
0 0.12119150690579263 0.42803602171897764 0.025241072860120492 0.06802630998101804
0 0.48349023110927875 0.3787092217366353 0.02712384617146522 0.07178740122721061
0 0.5339380196523054 0.3796318368428022 0.023976728738633598 0.06432702070365953
0 0.06096108477060858 0.8050192027546019 0.023358299548775732 0.0642652187348252
0 0.4147896195515243 0.6199620359334305 0.023985890652557285 0.06551891581688957
0 0.8415790558647702 0.5868538383437072 0.023358299548775555 0.06426521873482546
0 0.3939668796811654 0.20575199752792123 0.02585950204997822 0.0680881119498521
0 0.07591561877276164 0.9389087538074427 0.023995052566481146 0.0667108109301196
0 0.035268787649740035 0.4819494106740829 0.02746741794360842 0.036092349799143594
0 0.015595867976820358 0.37835165320266634 0.022739870358917974 0.06420341676599127
0 0.8553448315353077 0.52583763739902 0.020829611305801837 0.05686664018010859
0 0.7678668773906869 0.023010197324857633 0.022721546531070422 0.04602039464971527
0 0.5222726127488032 0.19054429876837506 0.03064202111821158 0.04712841566238465
0 0.7257197828626399 0.12786827351785635 0.02206646968551736 0.05699024411777689
0 0.8210632401108592 0.6151458967907121 0.02587782587782587 0.07047190217631218
0 0.8936599555647174 0.6794596742153356 0.02585950204997822 0.0680881119498521
0 0.8601525458668317 0.38639473800379637 0.0265054169816076 0.0717255992583764
0 0.6555418126846697 0.7002736944334084 0.02208479351336473 0.05937403434423692
0 0.09473189949380426 0.6090054297444047 0.038090657138276196 0.051445724628084596
0 0.7513937561556608 0.6095837195956385 0.02774227536132312 0.07184920319604467
0 0.48412927460546507 0.6631307111640843 0.04060102155340255 0.056460512956341406
0 0.13172999839666508 0.9536087935372798 0.025250234774044283 0.06921820509424807
0 0.9584484298770013 0.5733854235642079 0.025850340136054535 0.06689621683662207
0 0.24277010467486657 0.9466869730278551 0.02581369248035916 0.06212863638370192
0 0.7102178245035388 0.6876528495122058 0.02086625896149714 0.06163422063302887
0 0.7567809615428663 0.4247561029444224 0.034380081999129626 0.05107491281507968
0 0.9274903227284179 0.16913433099368735 0.04362903410522471 0.04842625700790188
0 0.8368125701459035 0.02052046086611044 0.025241072860120457 0.04104092173222088
0 0.6019675210151401 0.6549331214408687 0.031842231842231804 0.042484439147133034
0 0.8795414462081129 0.37252902485322037 0.021493850065278586 0.06288791771509297
0 0.3282164044068806 0.9113097602966495 0.029368515082800757 0.04223723127179624
0 0.2852103804484757 0.8720699245133096 0.026487093153759807 0.06934180903191647
0 0.34752513800132845 0.6857281596256567 0.028379028379028396 0.07429479539133908
0 0.28501339929911357 0.6854147353551406 0.022739870358917936 0.06420341676599141
0 0.4809798666941524 0.5352182933827749 0.0355986165509975 0.04881472652628787
0 0.7713690189880666 0.10839623890875379 0.025231910946196773 0.06683441486778793
0 0.8593921070111545 0.0012316249503377013 0.02652374080945497 0.0024632499006754026
0 0.04517739755834994 0.6437778660663046 0.022730708444994162 0.06301152165276137
0 0.8228750085892943 0.16646801748112833 0.033725005153576564 0.0462455303933254
0 0.3246524198905152 0.20611839491458087 0.02273070844499411 0.06301152165276123
0 0.6503722027531552 0.5510925705204609 0.023976728738633317 0.06432702070365953
0 0.21531413912366296 0.31366264953869244 0.02585950204997822 0.0680881119498521
0 0.6128037747085366 0.49460998543239304 0.023976728738633598 0.06432702070365953
0 0.034847339609244375 0.42712223546550127 0.0227032227032227 0.05943583631307112
0 0.5255823541537827 0.25880015891934843 0.03309741404979498 0.044991833311261234
0 0.0732586637348542 0.35171500463514765 0.023995052566481146 0.0667108109301196
0 0.36883804026661166 0.6001015318059418 0.022103117341212664 0.061757824570697
0 0.7697954602716508 0.3465192248267337 0.03312489979156646 0.04856751865095134
0 0.3944020705925468 0.34288173751820955 0.02875924780686682 0.04336732441619221
0 0.41026592455163885 0.4742947953913389 0.03309741404979498 0.044991833311261234
0 0.8367965367965368 0.20622875557321324 0.03867243867243866 0.04673994614399859
0 0.3099383861288623 0.7878912285348518 0.023358299548775698 0.06426521873482546
0 0.21695412171602646 0.5270118748068688 0.026542064637302763 0.07649317971129642
0 0.8944799468608993 0.38356067629011603 0.023358299548775836 0.06426521873482546
0 0.4291600815410339 0.557096190350064 0.025841178222130567 0.06570432172339202
0 0.6128679081060033 0.583467973336865 0.032497308687784866 0.04731382156888724
0 0.5412057078723745 0.6407274974617049 0.033106575963718805 0.04618372842449127
0 0.2762660619803477 0.9564605129563413 0.024375271994319606 0.03578333995497301
0 0.35887445887445885 0.18957753939875513 0.023394947204471002 0.06903279918774562
0 0.3412034173938936 0.5879530305036861 0.030614535376440107 0.043552730322694536
0 0.9249914107056965 0.045331744139849015 0.02208479351336473 0.05937403434423698
0 0.5165441260679355 0.3712311835077031 0.022712384617146458 0.060627731426301026
0 0.7754689754689755 0.6417693020791948 0.02587782587782587 0.07047190217631218
0 0.5657504752742848 0.2106520107712003 0.03122380265237418 0.0424226371782987
0 0.9167731739160311 0.6670109919215998 0.022103117341212664 0.061757824570697
0 0.4208387732197256 0.7225356464927382 0.03062369729036407 0.04474462543592444
0 0.0548409262694977 0.25037743345252284 0.02996862044481092 0.0399152430141703
0 0.7547493071302596 0.2007107226415927 0.019592752926086313 0.05674303624244033
0 0.6904922238255572 0.21488544563633957 0.02128312604503101 0.03547433011080215
0 0.12129457843743557 0.5622169249106078 0.03061453537644014 0.043552730322694536
0 0.44854211044687237 0.6631086390323576 0.031242126480221833 0.04480642740475877
0 0.9790352504638218 0.4335584690769434 0.022749032272842043 0.0653953118792213
0 0.09729036395703063 0.33798172427493045 0.024004214480404972 0.06790270604334964
0 0.1733296685677638 0.8098927294398093 0.030623697290363933 0.04474462543592471
0 0.727790375409423 0.2362071248841213 0.034361758171281974 0.0486911225886196
0 0.23303786160929016 0.8480598596212422 0.027485741771455994 0.03847614002560367
0 0.24060102155340254 0.3827042775791286 0.02273070844499411 0.06301152165276123
0 0.7186147186147186 0.41127444488588705 0.033106575963718805 0.04618372842449127
0 0.9369568702902037 0.0109367412704719 0.020857097047573173 0.0218734825409438
0 0.5580590485352389 0.5788063391162318 0.028122494789161408 0.0409217322208978
0 0.19051741908884764 0.5499315763916479 0.02210311734121259 0.061757824570697
0 0.6628713438237249 0.5265836754513751 0.022721546531070422 0.0618196265395312
0 0.2804553471220138 0.41450580497064404 0.022712384617146527 0.06062773142630116
0 0.6846194370003894 0.4975720655100869 0.023358299548775836 0.06426521873482546
0 0.9602876840972079 0.2893126738180373 0.021448040495659598 0.05692844214894272
0 0.14965986394557823 0.46813225621330506 0.024585996014567464 0.06319692755926369
0 0.7645800407705169 0.5134375137950823 0.031242126480221552 0.04480642740475877
0 0.8102338578529056 0.2530172604070101 0.03060537346251642 0.0423608352094645
0 0.5491674110721729 0.3077340749569593 0.028333218809409266 0.06833531982518876
0 0.10020385258480496 0.23391603761091248 0.03124212648022173 0.04480642740475877
0 0.9394122632217871 0.4721096543504172 0.02399505256648125 0.0667108109301196
0 0.3085686799972514 0.6902176312188232 0.02268489887537512 0.05705204608661119
0 0.2011566916328821 0.36398269544872647 0.028351542637256918 0.0707191100516487
0 0.7106232391946677 0.29756323665739637 0.023138413614604014 0.035659736017304544
0 0.7983668888430794 0.11822275195338365 0.03626285531047425 0.054836004061272245
0 0.9348106919535492 0.2357965832340087 0.04431159669254911 0.05683132476934619
0 0.9228543942829657 0.1296384584823202 0.035580292723149845 0.04643093629982786
0 0.03713094665475618 0.5229152871584338 0.028104170961313818 0.03853794199443773
0 0.7042190613619185 0.10854632940449388 0.018255113493208564 0.04350858605924161
0 0.052788657550562314 0.3054518165364411 0.02145720240958335 0.058120337262172826
0 0.6045717950479855 0.3093541694256831 0.03124212648022169 0.04480642740475877
0 0.36228269085411946 0.5524477994084669 0.034334272429510496 0.045115437248929496
0 0.9318720080624843 0.6183860857281597 0.019592752926086313 0.05674303624244006
0 0.164376188185712 0.9736061448814727 0.023046794475365895 0.02374078488500398
0 0.2774937584461394 0.4720566812342736 0.022066469685517287 0.05699024411777685
0 0.6109393252250396 0.41308877411380385 0.03689044641425598 0.05608970114333648
0 0.33634531253578875 0.31826689621683657 0.02874092397901917 0.04098353418973214
0 0.16330653473510617 0.23059197457290423 0.03308825213587122 0.0437999381980312
0 0.5290295242676195 0.5059638899924955 0.029377676996724583 0.04342912638502627
0 0.6856112141826427 0.2642784620138613 0.021402230926040607 0.05096896658279261
0 0.21714423142994574 0.6725157815741843 0.030632859204287755 0.04593652054915447
0 0.1313589408827504 0.3417339866684324 0.02687647449552213 0.039606233169999505
0 0.09587713873428161 0.6774775967862977 0.02144804049565953 0.05692844214894252
0 0.22392862869053345 0.5889374475786872 0.029996106186582345 0.043490928353860335
0 0.4457660505279553 0.38247914183551845 0.02082044939187801 0.055674745066878556
0 0.6434778625254816 0.13727983048602835 0.029368515082800896 0.04223723127179624
0 0.1758812615955473 0.49771774157948173 0.031278774135916995 0.04957400785767892
0 0.4693236217045741 0.1862932061978546 0.03622620765477909 0.0500684236083521
0 0.8834719072814311 0.48127841786959785 0.026267207219588123 0.04073632631439548
0 0.6690281499805308 0.36136052619962034 0.02874092397901945 0.04098353418973214
0 0.802478297716393 0.049225268176400466 0.023339975720928184 0.061881428508365345
0 0.6515563801278087 0.02076987595461969 0.028113332875237443 0.039729837107667865
0 0.472056162532353 0.09894495210347415 0.0249937011841773 0.03584514192380701
0 0.8237705856753476 0.48426257007901824 0.033725005153576564 0.04624553039332533
0 0.22058453010833964 0.9590429523683398 0.02194736480450762 0.041495607645786386
0 0.0386655672369958 0.5615282744007416 0.03245149911816578 0.04135434600273693
0 0.3101811768478435 0.41690283847614 0.026542064637302763 0.07649317971129654
0 0.39742550218740696 0.41414823643667503 0.03060537346251642 0.04236083520946464
0 0.22240546050069862 0.18949807972453978 0.029377676996724583 0.04342912638502627
0 0.1176802033944891 0.8971615238599744 0.029968620444810936 0.03991524301417023
0 0.2738175404842072 0.7586986271134066 0.042369270940699554 0.1257140334613516
0 0.6384342289104193 0.6083476802189556 0.026221397649969135 0.0347768507482453
0 0.6646922742160838 0.07909769125502142 0.020655534941249002 0.034220633028737915
0 0.45876680638585404 0.060910254712400115 0.02379349046015708 0.040489118439058835
0 0.5900180947799996 0.509411556968172 0.0268764744955222 0.039606233169999644
0 0.3714537666918619 0.6988434202975323 0.018337570718523138 0.05423564207831186
0 0.336077326553517 0.4041760473226504 0.022075631599441044 0.05818213923100689
0 0.2874894065370256 0.2426345296428729 0.018827733113447407 0.03761091246192556