0 0.062409129332206256 0.15173076923076925 0.020896027049873204 0.08649038461538461
0 0.6987658495350803 0.4972435897435897 0.04963651732882502 0.026538461538461535
0 0.6652831783601014 0.4682371794871795 0.03218089602704988 0.039038461538461536
0 0.8672865595942519 0.4238782051282051 0.04395604395604396 0.030448717948717948
0 0.4111918850380389 0.7477403846153846 0.03454775993237531 0.03392628205128206
0 0.08157227387996618 0.328525641025641 0.044801352493660185 0.028846153846153848
0 0.7715807269653423 0.45987179487179486 0.028444632290786136 0.034583333333333334
0 0.03862214708368554 0.16201923076923075 0.021453930684699914 0.09326923076923077
0 0.5431107354184277 0.5681089743589743 0.049873203719357564 0.030448717948717948
0 0.39222316145393066 0.5144230769230769 0.04564666103127642 0.028846153846153848
0 0.5572781065088758 0.3969391025641026 0.01734573119188504 0.08753205128205128
0 0.4024936601859679 0.15772435897435896 0.023922231614539307 0.09110576923076923
0 0.6115807269653424 0.4879807692307692 0.04649196956889264 0.027243589743589744
0 0.4444716821639898 0.4693910256410256 0.021656804733727813 0.08809294871794872
0 0.14191039729501267 0.28432692307692303 0.037345731191885036 0.03600961538461538
0 0.07861369399830938 0.4014423076923077 0.04564666103127642 0.030448717948717948
0 0.4885883347421809 0.23477564102564102 0.0507185122569738 0.03685897435897436
0 0.21969568892645813 0.37310897435897433 0.045486052409129334 0.03466346153846154
0 0.07100591715976332 0.06490384615384616 0.047337278106508875 0.03365384615384615
0 0.4611158072696534 0.6674679487179487 0.05325443786982249 0.027243589743589744
0 0.9361792054099747 0.06330128205128205 0.04818258664412511 0.03685897435897436
0 0.7933220625528318 0.22756410256410256 0.026204564666103127 0.028846153846153848
0 0.4746407438715131 0.7419871794871795 0.04649196956889264 0.035256410256410256
0 0.6200591715976331 0.6060576923076924 0.0178021978021978 0.09237179487179488
0 0.46427726120033813 0.48774038461538466 0.022113271344040574 0.08762820512820513
0 0.8215300084530853 0.6915865384615385 0.04417582417582418 0.03794871794871795
0 0.9788672865595942 0.452724358974359 0.0253592561284869 0.10096153846153846
0 0.5718512256973796 0.624198717948718 0.04649196956889264 0.027243589743589744
0 0.4716821639898563 0.5921474358974359 0.047337278106508875 0.02403846153846154
0 0.2713778529163145 0.5720032051282051 0.0355367709213863 0.031201923076923075
0 0.4611158072696534 0.6538461538461539 0.0566356720202874 0.02564102564102564
0 0.37976331360946747 0.4899519230769231 0.04823330515638208 0.03560897435897436
0 0.5380388841927304 0.06570512820512821 0.04142011834319527 0.041666666666666664
0 0.981403212172443 0.14903846153846154 0.013524936601859678 0.035256410256410256
0 0.47886728655959426 0.18349358974358973 0.049873203719357564 0.03685897435897436
0 0.13482671174978866 0.2283653846153846 0.021132713440405747 0.05929487179487179
0 0.7052155536770921 0.36961538461538457 0.019044801352493663 0.04509615384615385
0 0.14835164835164835 0.4463141025641026 0.058326289095519866 0.030448717948717948
0 0.2269991546914624 0.47123397435897435 0.04356720202874049 0.041249999999999995
0 0.36348267117497884 0.23557692307692307 0.0253592561284869 0.09615384615384616
0 0.33981403212172445 0.875 0.027049873203719356 0.028846153846153848
0 0.27854606931530007 0.17982371794871793 0.019467455621301775 0.060224358974358974
0 0.1466610312764159 0.4879807692307692 0.05156382079459002 0.027243589743589744
0 0.9444125105663568 0.25219551282051283 0.01731191885038039 0.09735576923076923
0 0.7590870667793744 0.40544871794871795 0.042265426880811495 0.028846153846153848
0 0.9770160608622147 0.32469551282051284 0.023998309382924767 0.043637820512820516
0 0.03654268808114962 0.639599358974359 0.020676246830092986 0.09259615384615384
0 0.9289518174133559 0.49227564102564103 0.0474218089602705 0.03245192307692308
0 0.9234150464919696 0.28802884615384616 0.017920540997464075 0.08887820512820513
0 0.41969568892645814 0.32371794871794873 0.03634826711749789 0.022435897435897436
0 0.1242603550295858 0.06891025641025642 0.04902789518174133 0.038461538461538464
0 0.7026289095519865 0.31838141025641026 0.021851225697379545 0.05684294871794872
0 0.5435333896872359 0.6033653846153846 0.04902789518174133 0.027243589743589744
0 0.8864750633981403 0.5708173076923077 0.0174218089602705 0.0903525641025641
0 0.36050718512256974 0.6494871794871795 0.016018596787827556 0.08671474358974358
0 0.06889264581572274 0.5345673076923076 0.021132713440405747 0.0944551282051282
0 0.4645646661031277 0.5386698717948718 0.035114116652578194 0.033429487179487176
0 0.6048182586644125 0.28044871794871795 0.04818258664412511 0.038461538461538464
0 0.5203972950126796 0.6483012820512821 0.04942519019442096 0.036378205128205124
0 0.3065342349957735 0.4592467948717949 0.045012679628064246 0.0402724358974359
0 0.9535080304311073 0.8373397435897436 0.04057480980557904 0.03365384615384615
0 0.9111834319526628 0.5715544871794871 0.017024513947590872 0.08540064102564103
0 0.6830092983939138 0.6618589743589743 0.030431107354184278 0.02564102564102564
0 0.5452240067624683 0.5496794871794872 0.04057480980557904 0.03205128205128205
0 0.9678782755705833 0.7582051282051282 0.02283178360101437 0.08677884615384615
0 0.16554522400676247 0.6414423076923077 0.018317836010143702 0.09057692307692308
0 0.6834319526627219 0.6850961538461539 0.03634826711749789 0.030448717948717948
0 0.5423330515638208 0.6995673076923077 0.02295012679628064 0.08503205128205128
0 0.5299239222316146 0.403573717948718 0.015756551141166527 0.06676282051282051
0 0.32227387996618767 0.7233974358974359 0.017337278106508876 0.09104166666666667
0 0.035181741335587484 0.304375 0.03147083685545224 0.03823717948717949
0 0.8744716821639898 0.20993589743589744 0.016060862214708368 0.03205128205128205
0 0.5566356720202874 0.2403846153846154 0.016060862214708368 0.060897435897435896
0 0.07861369399830938 0.42948717948717946 0.04564666103127642 0.038461538461538464
0 0.9681994928148775 0.12461538461538463 0.044606931530008456 0.03450320512820513
0 0.2967032967032967 0.90625 0.04564666103127642 0.030448717948717948
0 0.08406593406593407 0.8697435897435898 0.017666948436179206 0.0632051282051282
0 0.7384192730346576 0.3031089743589743 0.017836010143702452 0.04764423076923077
0 0.14458157227387997 0.3679326923076923 0.020355029585798816 0.08145833333333333
0 0.8110735418427726 0.15865384615384615 0.016060862214708368 0.060897435897435896
0 0.2402704987320372 0.9091185897435897 0.04098055790363483 0.029775641025641023
0 0.4312595097210482 0.5403044871794871 0.025164835164835163 0.08780448717948718
0 0.9674556213017751 0.39342948717948717 0.04142011834319527 0.030448717948717948
0 0.4840743871513102 0.3930448717948718 0.023102282333051564 0.07455128205128206
0 0.15878275570583264 0.3364102564102564 0.024023668639053256 0.08363782051282051
0 0.8119188503803888 0.2844551282051282 0.021132713440405747 0.06891025641025642
0 0.21301775147928995 0.07772435897435898 0.04902789518174133 0.04006410256410257
0 0.9385376162299239 0.7988141025641026 0.018326289095519865 0.07051282051282051
0 0.3647506339814032 0.2956730769230769 0.039729501267962805 0.030448717948717948
0 0.8889856297548606 0.7822596153846154 0.021918850380388842 0.09360576923076923
0 0.09843617920540998 0.5225000000000001 0.021056635672020287 0.06424679487179488
0 0.4139475908706678 0.5700160256410256 0.018554522400676246 0.0747275641025641
0 0.21639898562975485 0.5809294871794872 0.04564666103127642 0.030448717948717948
0 0.19799661876584954 0.6683653846153846 0.017303465765004227 0.08636217948717949
0 0.12065934065934067 0.7231730769230769 0.019171597633136094 0.058429487179487184
0 0.03536770921386306 0.2603365384615384 0.021707523245984784 0.06908653846153846
0 0.6352493660185968 0.8902243589743589 0.05156382079459002 0.03685897435897436
0 0.8693998309382924 0.3733974358974359 0.021132713440405747 0.022435897435897436
0 0.5176415891800508 0.3407532051282051 0.04691462383770076 0.03461538461538462
0 0.9699492814877431 0.6108173076923077 0.021048182586644124 0.08607371794871795
0 0.2206424344885883 0.423349358974359 0.01863905325443787 0.07639423076923077
0 0.8531952662721893 0.454775641025641 0.04846153846153846 0.028157051282051284
0 0.7128909551986475 0.2146794871794872 0.023076923076923078 0.02871794871794872
0 0.6569907016060862 0.6044391025641026 0.0189687235841082 0.06676282051282051
0 0.5743871513102282 0.7427884615384616 0.04142011834319527 0.030448717948717948
0 0.859585798816568 0.6416185897435898 0.044142011834319525 0.03522435897435897
0 0.0900676246830093 0.25251602564102565 0.01784446322907861 0.08516025641025642
0 0.14817413355874895 0.5854487179487179 0.017100591715976332 0.09267628205128205
0 0.8910650887573965 0.2647596153846154 0.015519864750633982 0.09362179487179488
0 0.9007269653423499 0.5997275641025641 0.016162299239222317 0.08258012820512821
0 0.10994928148774302 0.6089903846153846 0.018943364327979714 0.08650641025641025
0 0.26178360101437026 0.45001602564102566 0.019763313609467453 0.08594551282051283
0 0.2856804733727811 0.6630288461538462 0.015156382079459003 0.07458333333333333
0 0.030989010989010985 0.3744711538461538 0.019712595097210482 0.09080128205128205
0 0.4835164835164835 0.12980769230769232 0.023668639053254437 0.03205128205128205
0 0.7944463229078614 0.3328525641025641 0.01779374471682164 0.09198717948717948
0 0.30746407438715134 0.7598397435897436 0.019061707523245985 0.07967948717948718
0 0.4175824175824176 0.3501602564102564 0.032121724429416736 0.02403846153846154
0 0.2314877430262046 0.2007051282051282 0.04590025359256128 0.034471153846153846
0 0.2749112426035503 0.6562820512820513 0.01558748943364328 0.08177884615384616
0 0.19455621301775147 0.2411378205128205 0.020008453085376163 0.16197115384615385
0 0.1000422654268808 0.9085416666666666 0.04622992392223161 0.03653846153846154
0 0.14510566356720203 0.9058653846153846 0.04453930684699915 0.035512820512820516
0 0.19032967032967033 0.9080288461538462 0.043685545224006764 0.0375801282051282
0 0.16071005917159764 0.8150801282051282 0.023879966187658495 0.08743589743589744
0 0.22148774302620455 0.8314583333333334 0.027075232459847845 0.09453525641025641
0 0.06631445477599324 0.8295352564102564 0.021056635672020287 0.08748397435897437
0 0.037295012679628065 0.7785897435897435 0.02555367709213863 0.09458333333333334
0 0.03202028740490279 0.49926282051282056 0.02176669484361792 0.09362179487179488
0 0.1318427726120034 0.5841185897435898 0.016779374471682165 0.08528846153846154
0 0.15376162299239224 0.6873076923076923 0.018951817413355877 0.08689102564102565
0 0.18079459002535925 0.6701923076923076 0.01956889264581572 0.0877724358974359
0 0.27797971259509724 0.37584935897435895 0.021479289940828403 0.03857371794871795
0 0.294894336432798 0.335625 0.018258664412510568 0.07556089743589743
0 0.2252409129332206 0.2586698717948718 0.019873203719357566 0.09208333333333334
0 0.23442941673710904 0.31612179487179487 0.017024513947590872 0.08378205128205128
0 0.22418427726120033 0.16951923076923078 0.04508875739644971 0.03235576923076923
0 0.31279797125950976 0.0909775641025641 0.024311073541842775 0.0341826923076923
0 0.06984784446322907 0.25072115384615384 0.02065934065934066 0.09
0 0.35336432797971257 0.34639423076923076 0.053930684699915465 0.04828525641025641
0 0.42342349957734576 0.21762820512820516 0.020236686390532544 0.09921474358974358
0 0.4863905325443787 0.558301282051282 0.012620456466610313 0.040625
0 0.4966525781910397 0.49016025641025646 0.017083685545224006 0.08897435897435899
0 0.5175232459847845 0.485 0.021394759087066777 0.09166666666666667
0 0.5463989856297549 0.3803365384615385 0.019788672865595942 0.08435897435897435
0 0.4641758241758242 0.1321794871794872 0.016289095519864752 0.09421474358974359
0 0.4853930684699916 0.1599679487179487 0.031792054099746406 0.034631410256410255
0 0.6778698224852071 0.06376602564102564 0.028884192730346578 0.03556089743589744
0 0.620777683854607 0.4073237179487179 0.04532544378698224 0.04495192307692308
0 0.6528233305156381 0.4025160256410256 0.02348267117497887 0.09613782051282052
0 0.6386897717666948 0.5828846153846154 0.016999154691462383 0.08326923076923078
0 0.7238630600169063 0.697323717948718 0.02463229078613694 0.08839743589743589
0 0.7406424344885882 0.5957532051282052 0.02266272189349112 0.09161858974358975
0 0.7853930684699916 0.5257051282051283 0.046855452240067624 0.02971153846153846
0 0.6842519019442097 0.8852083333333334 0.04428571428571429 0.038413461538461535
0 0.7211158072696534 0.8923397435897437 0.017996618765849536 0.08959935897435897
0 0.7487404902789518 0.8842628205128205 0.043643279797125956 0.04955128205128206
0 0.7827134404057481 0.9077403846153845 0.04328825021132714 0.03602564102564103
0 0.829839391377853 0.9066826923076923 0.04638207945900254 0.035737179487179485
0 0.8945477599323753 0.9100961538461538 0.03486897717666949 0.03171474358974359
0 0.8460693153000846 0.8349358974358975 0.020397295012679627 0.08772435897435897
0 0.8050972104818258 0.829871794871795 0.0209636517328825 0.08631410256410256
0 0.865105663567202 0.8068589743589744 0.018377007607776837 0.08806089743589744
0 0.8117244294167371 0.5853365384615384 0.01816568047337278 0.0903525641025641
0 0.8261284868977177 0.5535897435897436 0.020625528317836008 0.0963621794871795
0 0.846618765849535 0.5554166666666667 0.019213863060016906 0.09564102564102564
0 0.8655114116652578 0.5461698717948718 0.019180050718512257 0.09020833333333333
0 0.696669484361792 0.2719391025641026 0.044725274725274725 0.04136217948717948
0 0.7668977176669485 0.06661858974358974 0.02591715976331361 0.04126602564102564
0 0.7925190194420964 0.06451923076923076 0.0236770921386306 0.04142628205128206
0 0.8380388841927303 0.06897435897435897 0.04673710904480135 0.043814102564102564
0 0.8819949281487743 0.06461538461538462 0.04524091293322063 0.04378205128205128
0 0.8937447168216398 0.11991987179487179 0.019501267962806424 0.06532051282051282
0 0.8264835164835165 0.22533653846153848 0.019907016060862214 0.08719551282051281
0 0.8767371090448014 0.2983974358974359 0.01756551141166526 0.08993589743589743
0 0.9039222316145392 0.28844551282051284 0.016272189349112426 0.08740384615384615
0 0.9790278951817414 0.2372596153846154 0.019349112426035504 0.09147435897435897
0 0.7771851225697379 0.331650641025641 0.016694843617920542 0.07171474358974358
0 0.7546745562130177 0.3210737179487179 0.017506339814032122 0.046217948717948716
0 0.5854522400676248 0.5636057692307692 0.023947590870667793 0.09248397435897436
0 0.16397295012679627 0.42549679487179487 0.04493660185967878 0.04325320512820512
0 0.3216398985629755 0.39532051282051284 0.020473372781065088 0.04862179487179487
0 0.12469991546914624 0.8149358974358974 0.01602704987320372 0.10838141025641025
0 0.5648013524936601 0.19107371794871794 0.02562975486052409 0.03493589743589744