0 0.8568336425479283 0.7651966626936829 0.017934446505875078 0.057210965435041714
0 0.0847247990105133 0.6108462455303934 0.01855287569573284 0.058402860548271755
0 0.7918985776128633 0.3426698450536353 0.030303030303030304 0.03218116805721097
0 0.3395176252319109 0.35876042908224076 0.02844774273345702 0.03098927294398093
0 0.7597402597402597 0.4362336114421931 0.017934446505875078 0.057210965435041714
0 0.5470006184291899 0.6537544696066746 0.02906617192331478 0.03218116805721097
0 0.5346320346320347 0.45172824791418353 0.02040816326530612 0.05959475566150179
0 0.8803339517625232 0.6108462455303934 0.0191713048855906 0.060786650774731825
0 0.8512677798392084 0.5536352800953516 0.0191713048855906 0.060786650774731825
0 0.8089053803339518 0.6686531585220501 0.021026592455163882 0.066746126340882
0 0.08596165739022882 0.2032181168057211 0.017316017316017316 0.060786650774731825
0 0.83426097711812 0.6102502979737783 0.017316017316017316 0.057210965435041714
0 0.909400123685838 0.6025029797377831 0.017934446505875078 0.058402860548271755
0 0.06029684601113173 0.333134684147795 0.017934446505875078 0.05125148986889154
0 0.8426097711811997 0.4690107270560191 0.030303030303030304 0.03218116805721097
0 0.20222634508348794 0.6227651966626937 0.01855287569573284 0.060786650774731825
0 0.18645640074211503 0.5506555423122765 0.017934446505875078 0.05959475566150179
0 0.5401978973407545 0.16567342073897498 0.017934446505875078 0.057210965435041714
0 0.8506493506493507 0.15911799761620976 0.027829313543599257 0.03218116805721097
0 0.8692022263450835 0.300357568533969 0.0191713048855906 0.05959475566150179
0 0.5120593692022264 0.42073897497020263 0.021026592455163882 0.06197854588796186
0 0.46320346320346323 0.44517282479141834 0.01855287569573284 0.05601907032181168
0 0.9678416821273964 0.6412395709177592 0.017316017316017316 0.057210965435041714
0 0.6045145330859617 0.6245530393325387 0.017934446505875078 0.057210965435041714
0 0.18645640074211503 0.7908224076281287 0.017934446505875078 0.05601907032181168
0 0.5807050092764379 0.2097735399284863 0.019789734075448363 0.05959475566150179
0 0.9675324675324676 0.7789034564958284 0.017934446505875078 0.058402860548271755
0 0.15213358070500926 0.13825983313468415 0.021026592455163882 0.066746126340882
0 0.9582560296846011 0.31287246722288437 0.025355596784168214 0.025029797377830752
0 0.966295609152752 0.2026221692491061 0.016697588126159554 0.057210965435041714
0 0.16666666666666666 0.7377830750893921 0.015460729746444033 0.050059594755661505
0 0.19727891156462585 0.19725864123957093 0.017316017316017316 0.05363528009535161
0 0.45454545454545453 0.25446960667461266 0.027210884353741496 0.03456495828367104
0 0.2501546072974644 0.28843861740166865 0.016697588126159554 0.050059594755661505
0 0.20964749536178107 0.8092967818831943 0.019789734075448363 0.06197854588796186
0 0.14594928880643165 0.9058402860548271 0.019789734075448363 0.05959475566150179
0 0.1471861471861472 0.6036948748510131 0.019789734075448363 0.0631704410011919
0 0.37940630797773656 0.8152562574493445 0.016697588126159554 0.052443384982121574
0 0.9140383426097711 0.464839094159714 0.03463203463203463 0.03575685339690107
0 0.27674706246134817 0.7711561382598331 0.021645021645021644 0.06197854588796186
0 0.5417439703153989 0.6990464839094159 0.03710575139146568 0.03933253873659118
0 0.9149659863945578 0.8194278903456496 0.0191713048855906 0.060786650774731825
0 0.07173778602350031 0.8325387365911799 0.019789734075448363 0.058402860548271755
0 0.8064316635745207 0.866507747318236 0.019789734075448363 0.057210965435041714
0 0.32498453927025356 0.8283671036948749 0.015460729746444033 0.054827175208581644
0 0.25170068027210885 0.5929678188319428 0.030921459492888066 0.03694874851013111
0 0.05875077303648732 0.4225268176400477 0.04081632653061224 0.029797377830750895
0 0.129560915275201 0.22169249106078665 0.0191713048855906 0.05959475566150179
0 0.4264069264069264 0.7461263408820024 0.02906617192331478 0.028605482717520857
0 0.12677798392084105 0.598927294398093 0.016079158936301793 0.05601907032181168
0 0.7195423623995053 0.8694874851013111 0.026592455163883734 0.029797377830750895
0 0.7572665429808287 0.8110846245530393 0.02040816326530612 0.060786650774731825
0 0.6768707482993197 0.6579261025029798 0.021645021645021644 0.06436233611442194
0 0.7374768089053804 0.6281287246722288 0.016697588126159554 0.057210965435041714
0 0.531230674087817 0.5727056019070322 0.032158317872603585 0.03456495828367104
0 0.20377241805813234 0.2902264600715137 0.0191713048855906 0.058402860548271755
0 0.10327767470624613 0.19129916567342073 0.019789734075448363 0.06555423122765197
0 0.9659863945578231 0.4761620977353993 0.017316017316017316 0.05601907032181168
0 0.16017316017316016 0.3712753277711561 0.030921459492888066 0.03218116805721097
0 0.6481137909709338 0.17818831942789035 0.017316017316017316 0.05601907032181168
0 0.3685837971552257 0.666865315852205 0.01855287569573284 0.05601907032181168
0 0.7656153370439085 0.232419547079857 0.019789734075448363 0.05959475566150179
0 0.39888682745825604 0.5941597139451729 0.01855287569573284 0.05601907032181168
0 0.9529993815708101 0.2592371871275328 0.017316017316017316 0.05125148986889154
0 0.45856524427953 0.3230035756853397 0.030303030303030304 0.03098927294398093
0 0.9075448361162647 0.2032181168057211 0.017934446505875078 0.058402860548271755
0 0.6471861471861472 0.5840286054827175 0.016697588126159554 0.054827175208581644
0 0.23067408781694496 0.5226460071513707 0.029684601113172542 0.03456495828367104
0 0.5949288806431664 0.34445768772348034 0.025974025974025976 0.03098927294398093
0 0.5933828076685219 0.4803337306317044 0.030303030303030304 0.03098927294398093
0 0.15089672232529375 0.4165673420738975 0.035868893011750155 0.029797377830750895
0 0.7241805813234384 0.7401668653158522 0.017316017316017316 0.057210965435041714
0 0.7866419294990723 0.44159713945172824 0.019789734075448363 0.06793802145411204
0 0.11348175633889919 0.6168057210965435 0.017934446505875078 0.05601907032181168
0 0.5837971552257266 0.5697258641239571 0.019789734075448363 0.057210965435041714
0 0.40847247990105134 0.6811680572109654 0.02906617192331478 0.03456495828367104
0 0.4839208410636982 0.7038140643623361 0.030303030303030304 0.03218116805721097
0 0.7764378478664193 0.9040524433849821 0.0191713048855906 0.05601907032181168
0 0.6128633271490415 0.17759237187127533 0.017316017316017316 0.06197854588796186
0 0.6725417439703154 0.5589988081048868 0.027829313543599257 0.03098927294398093
0 0.0479282622139765 0.300357568533969 0.016697588126159554 0.052443384982121574
0 0.479282622139765 0.42908224076281287 0.017316017316017316 0.052443384982121574
0 0.2566481137909709 0.8140643623361145 0.019789734075448363 0.06197854588796186
0 0.41434755720470007 0.29499404052443384 0.02844774273345702 0.029797377830750895
0 0.12213976499690786 0.9046483909415971 0.016697588126159554 0.054827175208581644
0 0.6094619666048238 0.7276519666269369 0.027829313543599257 0.03218116805721097
0 0.9146567717996289 0.09594755661501787 0.027210884353741496 0.027413587604290822
0 0.22974644403215833 0.3730631704410012 0.01422387136672851 0.050059594755661505
0 0.2937538651824366 0.3569725864123957 0.01855287569573284 0.027413587604290822
0 0.883426097711812 0.43146603098927294 0.027829313543599257 0.03098927294398093
0 0.07081014223871367 0.15792610250297973 0.030303030303030304 0.03456495828367104
0 0.5763760049474336 0.6823599523241954 0.02844774273345702 0.03218116805721097
0 0.0367965367965368 0.7050059594755661 0.016697588126159554 0.058402860548271755
0 0.8828076685219542 0.20143027413587605 0.017934446505875078 0.05959475566150179
0 0.8593073593073594 0.6978545887961859 0.027829313543599257 0.03218116805721097
0 0.2597402597402597 0.3951132300357569 0.030921459492888066 0.03456495828367104
0 0.13388991960420532 0.15494636471990464 0.017934446505875078 0.054827175208581644
0 0.8051948051948052 0.7634088200238379 0.024737167594310452 0.027413587604290822
0 0.7482993197278912 0.31168057210965433 0.017316017316017316 0.05601907032181168
0 0.28726035868893013 0.5619785458879618 0.030303030303030304 0.03218116805721097
0 0.049474335188620905 0.09594755661501787 0.030921459492888066 0.029797377830750895
0 0.030612244897959183 0.2532777115613826 0.015460729746444033 0.05363528009535161
0 0.461038961038961 0.6513706793802145 0.025355596784168214 0.029797377830750895
0 0.8147804576376005 0.45172824791418353 0.016697588126159554 0.054827175208581644
0 0.23902288188002474 0.11382598331346841 0.015460729746444033 0.04410011918951132
0 0.35374149659863946 0.6489868891537545 0.017316017316017316 0.05363528009535161
0 0.7130488559059988 0.36114421930870083 0.017316017316017316 0.052443384982121574
0 0.32962275819418674 0.6305125148986889 0.017316017316017316 0.057210965435041714
0 0.039579468150896725 0.5554231227651967 0.016079158936301793 0.050059594755661505
0 0.8457019171304886 0.3528009535160906 0.0191713048855906 0.054827175208581644
0 0.2535559678416821 0.6835518474374255 0.02844774273345702 0.03218116805721097
0 0.18150896722325294 0.4499404052443385 0.027829313543599257 0.029797377830750895
0 0.4409400123685838 0.38200238379022644 0.022263450834879406 0.058402860548271755
0 0.8688930117501547 0.10071513706793803 0.02844774273345702 0.03218116805721097
0 0.07946815089672232 0.7240762812872468 0.017934446505875078 0.058402860548271755
0 0.7152133580705009 0.6442193087008343 0.017934446505875078 0.04886769964243146
0 0.7847866419294991 0.27473182359952325 0.022263450834879406 0.060786650774731825
0 0.2829313543599258 0.4469606674612634 0.02040816326530612 0.026221692491060787
0 0.17872603586889302 0.31227651966626935 0.032158317872603585 0.04052443384982122
0 0.05875077303648732 0.49106078665077474 0.04081632653061224 0.03814064362336114
0 0.059059987631416205 0.3814064362336114 0.03277674706246135 0.03098927294398093
0 0.961038961038961 0.3539928486293206 0.025974025974025976 0.026221692491060787
0 0.2690166975881262 0.2592371871275328 0.014842300556586271 0.03694874851013111
0 0.9226963512677798 0.14839094159713945 0.016079158936301793 0.05125148986889154
0 0.38713667285095854 0.4094159713945173 0.02844774273345702 0.03218116805721097
0 0.6484230055658627 0.533969010727056 0.03153988868274583 0.03098927294398093
0 0.10235003092145949 0.8641239570917759 0.01422387136672851 0.050059594755661505
0 0.8874458874458875 0.8760429082240763 0.017316017316017316 0.05959475566150179
0 0.7220160791589363 0.4159713945172825 0.016697588126159554 0.050059594755661505
0 0.39208410636982066 0.5137067938021455 0.03339517625231911 0.04052443384982122
0 0.6487322201607916 0.2932061978545888 0.025974025974025976 0.028605482717520857
0 0.8073593073593074 0.12693682955899882 0.030303030303030304 0.029797377830750895
0 0.48144712430426717 0.566150178784267 0.026592455163883734 0.03098927294398093
0 0.3036487322201608 0.4028605482717521 0.017316017316017316 0.04290822407628129
0 0.8021026592455164 0.5840286054827175 0.027210884353741496 0.033373063170441
0 0.8500309214594929 0.2205005959475566 0.02411873840445269 0.028605482717520857
0 0.9202226345083488 0.532777115613826 0.016079158936301793 0.050059594755661505
0 0.7866419294990723 0.5053635280095352 0.027210884353741496 0.03098927294398093
0 0.549165120593692 0.4070321811680572 0.016079158936301793 0.04886769964243146
0 0.33116883116883117 0.2592371871275328 0.026592455163883734 0.029797377830750895
0 0.8234384662956091 0.39392133492252684 0.027829313543599257 0.03694874851013111
0 0.5055658627087198 0.22586412395709177 0.03277674706246135 0.03456495828367104
0 0.13481756338899195 0.7073897497020262 0.02350030921459493 0.029797377830750895
0 0.3302411873840445 0.4898688915375447 0.025974025974025976 0.028605482717520857
0 0.21675943104514533 0.10905840286054827 0.01422387136672851 0.03218116805721097
0 0.16728509585652443 0.24731823599523242 0.017934446505875078 0.05363528009535161
0 0.310760667903525 0.14898688915375446 0.025355596784168214 0.028605482717520857
0 0.4935064935064935 0.14183551847437426 0.022263450834879406 0.026221692491060787
0 0.19294990723562153 0.6823599523241954 0.030921459492888066 0.03218116805721097
0 0.8302411873840445 0.8748510131108462 0.016697588126159554 0.052443384982121574
0 0.9635126777983921 0.39272943980929675 0.029684601113172542 0.027413587604290822
0 0.6846011131725418 0.3772348033373063 0.019789734075448363 0.06793802145411204
0 0.5995670995670995 0.41537544696066747 0.027829313543599257 0.029797377830750895
0 0.7455163883735312 0.11442193087008343 0.026592455163883734 0.03098927294398093
0 0.9226963512677798 0.7574493444576877 0.027210884353741496 0.027413587604290822
0 0.756338899196042 0.6948748510131109 0.030921459492888066 0.11203814064362336
0 0.38620902906617194 0.7175208581644815 0.02411873840445269 0.023837902264600714
0 0.30440321583178725 0.21188319427890348 0.01852195423623995 0.02537544696066746
0 0.5022077922077922 0.09823599523241955 0.02059987631416203 0.031203814064362335
0 0.4225602968460111 0.5983075089392134 0.024186765615337044 0.028605482717520857
0 0.6549350649350649 0.6819666269368295 0.01316017316017316 0.048569725864123954
0 0.6580828695114409 0.37691299165673425 0.0170439084724799 0.050810488676996425
0 0.6878354978354978 0.19634088200238378 0.016066790352504638 0.0300357568533969