0 0.3089988425925926 0.5629927115870891 0.043956679894179854 0.05626952253458281
0 0.4785879629629629 0.8797560612821657 0.04953703703703712 0.05679012345679012
0 0.43857886904761906 0.8362635728097576 0.04055886243386248 0.04993306559571598
0 0.34267113095238094 0.8542540532500373 0.05751488095238092 0.07759928603302087
0 0.24115410052910052 0.6657816450989142 0.05411706349206348 0.07126282909415427
0 0.4376570767195767 0.7921389260746691 0.05298445767195771 0.06915067678119888
0 0.34440310846560845 0.5898334077048936 0.04172453703703712 0.05606128216569994
0 0.16375248015873017 0.4218057414844563 0.04842096560846557 0.056686003272348566
0 0.45339781746031743 0.3977986018146661 0.0484375000000001 0.05869403540086274
0 0.6822089947089947 0.10716941841439832 0.049503968253968314 0.052774059199762004
0 0.2766286375661376 0.22639446675591254 0.04503968253968248 0.05235757846199614
0 0.6745659722222221 0.7388888888888888 0.06196263227513248 0.07600773464227278
0 0.6664434523809524 0.49849769448163017 0.04953703703703712 0.05679012345679012
0 0.2013971560846561 0.8563810798750557 0.057498346560846514 0.0755912539045068
0 0.3093088624338624 0.5328201695671575 0.049470899470899506 0.04875799494273389
0 0.7802000661375662 0.34219098616688975 0.04955357142857153 0.05879815558530417
0 0.598838458994709 0.7660493827160494 0.052967923280423435 0.06714264465268482
0 0.1126694775132275 0.4577197679607318 0.04732142857142855 0.0585899152164213
0 0.16677414021164022 0.4496578908225495 0.03944279100529099 0.04982894541127478
0 0.5874338624338625 0.12706381079875054 0.04948743386243391 0.05076602707124795
0 0.4631159060846561 0.28937974118697013 0.07299107142857153 0.06098467945857506
0 0.7241319444444445 0.3152684813327384 0.04952050264550272 0.05478209132827606
0 0.1871321097883598 0.276944816302246 0.049454365079365105 0.046749962814219836
0 0.5775214947089947 0.551004016064257 0.04054232804232808 0.04792503346720216
0 0.9174396494708995 0.5283355644801427 0.06634424603174592 0.06638405473746849
0 0.7782366071428571 0.307206604194556 0.05062003968253949 0.052878179384203555
0 0.7904844576719577 0.09907779265208982 0.04622189153439139 0.06049382716049383
0 0.18907903439153437 0.30992116614606574 0.043956679894179854 0.05626952253458281
0 0.5893394510582011 0.15502008032128511 0.049454365079365105 0.046749962814219836
0 0.7271866732804233 0.3471366949278596 0.04057539682539663 0.05194109772423027
0 0.6639632936507935 0.4685854529228023 0.04622189153439139 0.0604938271604938
0 0.44852843915343915 0.34901829540383755 0.04054232804232808 0.04792503346720216
0 0.07838955026455026 0.2961326788636025 0.05183531746031748 0.06503049233972921
0 0.3441550925925925 0.5597129257771827 0.042807539682539746 0.052149338093113146
0 0.4794105489417989 0.9118325152461699 0.04052579365079367 0.045917001338688104
0 0.577281746031746 0.5218875502008031 0.037210648148148194 0.049620705042391786
0 0.7386491402116402 0.5862115127175368 0.061979166666666634 0.07801576677078684
0 0.8605448082010582 0.015751896474788037 0.049685846560846514 0.03150379294957607
0 0.871176421957672 0.06442064554514353 0.04290674603174592 0.06419753086419754
0 0.8974743716931217 0.13833110218652386 0.09662698412698413 0.08726758887401456
0 0.9020419973544973 0.21828796668154096 0.10219080687830687 0.08578015766770787
0 0.8764756944444445 0.3010560761564778 0.04623842592592605 0.06250185928900785
0 0.9177414021164021 0.49715900639595423 0.035011574074074146 0.05342852893053702
0 0.27969163359788357 0.2592666964152908 0.04947089947089944 0.04875799494273389
0 0.1134672619047619 0.48678417373196486 0.04503968253968254 0.05235757846199614