0 0.38178633975481613 0.3389830508474576 0.03677758318739054 0.046610169491525424
0 0.2850262697022767 0.1027542372881356 0.03940455341506129 0.05296610169491525
0 0.07486865148861646 0.6408898305084746 0.020140105078809107 0.0826271186440678
0 0.5013134851138353 0.24364406779661016 0.03415061295971979 0.0423728813559322
0 0.8962346760070052 0.3644067796610169 0.05166374781085814 0.05508474576271186
0 0.38353765323992994 0.5084745762711864 0.03502626970227671 0.038135593220338986
0 0.22679509632224168 0.07309322033898305 0.05253940455341506 0.057203389830508475
0 0.38178633975481613 0.1048728813559322 0.06129597197898424 0.04449152542372881
0 0.8957968476357268 0.6377118644067796 0.05253940455341506 0.059322033898305086
0 0.4973730297723292 0.3580508474576271 0.02626970227670753 0.03389830508474576
0 0.5 0.4819915254237288 0.03152364273204904 0.04449152542372881
0 0.6449211908931699 0.3919491525423729 0.03590192644483362 0.05508474576271186
0 0.38879159369527144 0.4353813559322034 0.0595446584938704 0.05296610169491525
0 0.38572679509632224 0.6673728813559322 0.03239929947460595 0.0423728813559322
0 0.14579684763572678 0.08792372881355932 0.063922942206655 0.0614406779661017
0 0.7950963222416813 0.7828389830508474 0.03677758318739054 0.05296610169491525
0 0.8458844133099825 0.7033898305084746 0.03327495621716287 0.0423728813559322
0 0.22898423817863398 0.038135593220338986 0.0446584938704028 0.046610169491525424
0 0.3811908931698774 0.19319915254237288 0.0303415061295972 0.05449152542372881
0 0.10483362521891418 0.7188347457627119 0.0380385288966725 0.05491525423728814
0 0.20666374781085814 0.7555296610169492 0.036795096322241684 0.060487288135593224
0 0.11330122591943957 0.5290254237288136 0.04447460595446585 0.11171610169491525
0 0.14614711033274957 0.05364406779661017 0.04359894921190893 0.04654661016949152
0 0.44694395796847636 0.10069915254237288 0.023476357267950963 0.0474364406779661
0 0.7761733800350262 0.40565677966101693 0.026952714535901926 0.06413135593220338
0 0.8454115586690018 0.6722881355932203 0.042845884413309984 0.055
0 0.8960420315236427 0.6055508474576271 0.026768826619964974 0.052902542372881355
0 0.8968563922942207 0.3338771186440678 0.026628721541155868 0.05190677966101695
0 0.957968476357268 0.13858050847457626 0.03502626970227671 0.05963983050847457
0 0.9490718038528896 0.8501059322033898 0.03649737302977233 0.058961864406779654
0 0.8461733800350263 0.9508262711864407 0.051366024518388786 0.05699152542372881
0 0.7931786339754816 0.7502754237288135 0.02943957968476357 0.04997881355932204