0 0.14015572858731926 0.37830188679245286 0.08008898776418243 0.0660377358490566
0 0.46051167964404893 0.15283018867924528 0.08453837597330367 0.07169811320754717
0 0.28976640711902113 0.7037735849056603 0.04560622914349277 0.13962264150943396
0 0.44660734149054504 0.052830188679245285 0.0878754171301446 0.07547169811320754
0 0.2175083426028921 0.8309056603773585 0.08351501668520578 0.0769245283018868
0 0.7519466073414905 0.38113207547169814 0.0867630700778643 0.07547169811320754
0 0.21621802002224694 0.5250377358490566 0.047575083426028925 0.12726415094339624
0 0.34872080088987767 0.4716981132075472 0.07007786429365963 0.07924528301886792
0 0.15239154616240266 0.15471698113207547 0.10233592880978866 0.09056603773584905
0 0.08120133481646273 0.8726415094339622 0.0867630700778643 0.08490566037735849
0 0.6763515016685205 0.5105471698113208 0.04235817575083426 0.1380754716981132
0 0.696329254727475 0.1632075471698113 0.09121245828698554 0.07358490566037736
0 0.5022246941045606 0.5679245283018868 0.07897664071190211 0.07547169811320754
0 0.14349276974416017 0.310377358490566 0.08008898776418243 0.07735849056603773
0 0.5906562847608454 0.7169433962264151 0.05040044493882091 0.14762264150943397
0 0.2646273637374861 0.43350943396226416 0.039822024471635145 0.14037735849056604
0 0.2881535038932147 0.08898113207547169 0.08859844271412681 0.07249056603773585
0 0.4454505005561735 0.34420754716981133 0.06432703003337041 0.07203773584905661
0 0.5460622914349277 0.4747547169811321 0.06532814238042269 0.06318867924528303
0 0.5465739710789767 0.08788679245283018 0.08690767519466074 0.07032075471698114
0 0.7581423804226919 0.28135849056603773 0.08086763070077864 0.06875471698113207
0 0.8863070077864293 0.17896226415094338 0.05446051167964405 0.06958490566037737
0 0.6243159065628476 0.42083018867924527 0.04044493882091212 0.1498490566037736
0 0.6617130144605117 0.8341886792452831 0.0793103448275862 0.06509433962264151
0 0.8023025583982202 0.8799622641509434 0.08839822024471634 0.06954716981132075