0 0.2242757242757243 0.8656410256410256 0.026973026973026972 0.01641025641025641
0 0.511988011988012 0.9497435897435897 0.03296703296703297 0.018461538461538463
0 0.7902097902097902 0.8015384615384615 0.029970029970029972 0.017435897435897435
0 0.1773226773226773 0.6748717948717948 0.03696303696303696 0.018461538461538463
0 0.8076923076923077 0.2923076923076923 0.03296703296703297 0.018461538461538463
0 0.8056943056943057 0.6246153846153846 0.03496503496503497 0.018461538461538463
0 0.5859140859140859 0.9671794871794872 0.030969030969030968 0.018461538461538463
0 0.3691308691308691 0.24051282051282052 0.03296703296703297 0.017435897435897435
0 0.8676323676323676 0.6261538461538462 0.03296703296703297 0.019487179487179488
0 0.8681318681318682 0.321025641025641 0.03396603396603397 0.018461538461538463
0 0.8551448551448552 0.7753846153846153 0.03196803196803197 0.018461538461538463
0 0.4095904095904096 0.2441025641025641 0.029970029970029972 0.01641025641025641
0 0.1953046953046953 0.10051282051282051 0.028971028971028972 0.014358974358974359
0 0.1903096903096903 0.4517948717948718 0.03496503496503497 0.021538461538461538
0 0.36663336663336665 0.40512820512820513 0.029970029970029972 0.014358974358974359
0 0.8756243756243757 0.6569230769230769 0.02097902097902098 0.013333333333333334
0 0.9140859140859141 0.7087179487179487 0.027972027972027972 0.01641025641025641
0 0.458041958041958 0.5358974358974359 0.03696303696303696 0.019487179487179488
0 0.4075924075924076 0.9215384615384615 0.03596403596403597 0.019487179487179488
0 0.3581418581418581 0.9487179487179487 0.030969030969030968 0.018461538461538463
0 0.1848151848151848 0.8661538461538462 0.025974025974025976 0.017435897435897435
0 0.3691308691308691 0.2692307692307692 0.026973026973026972 0.015384615384615385
0 0.35614385614385613 0.33897435897435896 0.03496503496503497 0.017435897435897435
0 0.8086913086913087 0.32256410256410256 0.04295704295704296 0.021538461538461538
0 0.08741258741258741 0.9230769230769231 0.03896103896103896 0.018461538461538463
0 0.3176823176823177 0.5584615384615385 0.03396603396603397 0.015384615384615385
0 0.45504495504495507 0.921025641025641 0.030969030969030968 0.018461538461538463
0 0.3336663336663337 0.6758974358974359 0.03596403596403597 0.01641025641025641
0 0.466033966033966 0.23333333333333334 0.028971028971028972 0.017435897435897435
0 0.7952047952047953 0.5420512820512821 0.03196803196803197 0.015384615384615385
0 0.2547452547452547 0.8917948717948718 0.027972027972027972 0.017435897435897435
0 0.8701298701298701 0.34512820512820513 0.03396603396603397 0.017435897435897435
0 0.5134865134865135 0.2323076923076923 0.03196803196803197 0.017435897435897435
0 0.6223776223776224 0.9446153846153846 0.03196803196803197 0.018461538461538463
0 0.4080919080919081 0.34205128205128205 0.03496503496503497 0.017435897435897435
0 0.2642357642357642 0.12717948717948718 0.030969030969030968 0.018461538461538463
0 0.2892107892107892 0.5184615384615384 0.028971028971028972 0.015384615384615385
0 0.1993006993006993 0.9456410256410256 0.04095904095904096 0.018461538461538463
0 0.5594405594405595 0.5251282051282051 0.03596403596403597 0.020512820512820513
0 0.21828171828171827 0.6743589743589744 0.030969030969030968 0.017435897435897435
0 0.5659340659340659 0.10512820512820513 0.030969030969030968 0.017435897435897435
0 0.8651348651348651 0.2241025641025641 0.03196803196803197 0.017435897435897435
0 0.45754245754245754 0.5620512820512821 0.027972027972027972 0.01641025641025641
0 0.26573426573426573 0.49948717948717947 0.03196803196803197 0.018461538461538463
0 0.17532467532467533 0.7087179487179487 0.03696303696303696 0.020512820512820513
0 0.33166833166833165 0.3769230769230769 0.027972027972027972 0.017435897435897435
0 0.8421578421578422 0.5035897435897436 0.025974025974025976 0.01641025641025641
0 0.5074925074925075 0.47794871794871796 0.03796203796203796 0.022564102564102566
0 0.6263736263736264 0.9702564102564103 0.023976023976023976 0.014358974358974359
0 0.22577422577422576 0.8430769230769231 0.027972027972027972 0.01641025641025641
0 0.7972027972027972 0.381025641025641 0.03196803196803197 0.017435897435897435
0 0.7952047952047953 0.14 0.03596403596403597 0.019487179487179488
0 0.46653346653346656 0.358974358974359 0.03196803196803197 0.01641025641025641
0 0.5499500499500499 0.7769230769230769 0.03296703296703297 0.017435897435897435
0 0.7957042957042957 0.4046153846153846 0.03296703296703297 0.019487179487179488
0 0.04945054945054945 0.9461538461538461 0.03896103896103896 0.021538461538461538
0 0.8426573426573427 0.4123076923076923 0.026973026973026972 0.01641025641025641
0 0.17032967032967034 0.13794871794871794 0.028971028971028972 0.015384615384615385
0 0.913086913086913 0.20871794871794871 0.029970029970029972 0.017435897435897435
0 0.8671328671328671 0.5784615384615385 0.03596403596403597 0.018461538461538463
0 0.36563436563436563 0.19025641025641027 0.029970029970029972 0.015384615384615385
0 0.8551448551448552 0.19333333333333333 0.03196803196803197 0.017435897435897435
0 0.36413586413586413 0.21435897435897436 0.028971028971028972 0.01641025641025641
0 0.2982017982017982 0.8641025641025641 0.028971028971028972 0.017435897435897435
0 0.36563436563436563 0.38153846153846155 0.029970029970029972 0.01641025641025641
0 0.3146853146853147 0.798974358974359 0.025974025974025976 0.014358974358974359
0 0.8701298701298701 0.35846153846153844 0.03196803196803197 0.017435897435897435
0 0.5084915084915085 0.1558974358974359 0.03796203796203796 0.020512820512820513
0 0.4695304695304695 0.7753846153846153 0.029970029970029972 0.01641025641025641
0 0.26373626373626374 0.1117948717948718 0.029970029970029972 0.01641025641025641
0 0.5054945054945055 0.37846153846153846 0.03396603396603397 0.018461538461538463
0 0.7952047952047953 0.7538461538461538 0.03196803196803197 0.018461538461538463
0 0.44255744255744256 0.1082051282051282 0.03396603396603397 0.017435897435897435
0 0.8431568431568431 0.5307692307692308 0.023976023976023976 0.015384615384615385
0 0.5114885114885115 0.35743589743589743 0.03196803196803197 0.015384615384615385
0 0.46853146853146854 0.38256410256410256 0.025974025974025976 0.01641025641025641
0 0.47302697302697305 0.7994871794871795 0.026973026973026972 0.015384615384615385
0 0.2627372627372627 0.6928205128205128 0.04195804195804196 0.017435897435897435
0 0.45354645354645357 0.8764102564102564 0.027972027972027972 0.017435897435897435
0 0.27022977022977024 0.221025641025641 0.026973026973026972 0.017435897435897435
0 0.0899100899100899 0.9123076923076923 0.03396603396603397 0.015384615384615385
0 0.8661338661338661 0.7389743589743589 0.029970029970029972 0.019487179487179488
0 0.8046953046953047 0.25743589743589745 0.03296703296703297 0.018461538461538463
0 0.5539460539460539 0.8205128205128205 0.03296703296703297 0.018461538461538463
0 0.2982017982017982 0.27384615384615385 0.03296703296703297 0.01641025641025641
0 0.3026973026973027 0.23948717948717949 0.03196803196803197 0.019487179487179488
0 0.1838161838161838 0.841025641025641 0.027972027972027972 0.018461538461538463
0 0.13086913086913088 0.8810256410256411 0.03196803196803197 0.018461538461538463
0 0.978021978021978 0.7784615384615384 0.025974025974025976 0.01641025641025641
0 0.4115884115884116 0.2676923076923077 0.025974025974025976 0.014358974358974359
0 0.8126873126873126 0.8153846153846154 0.028971028971028972 0.01641025641025641
0 0.9040959040959041 0.8317948717948718 0.03196803196803197 0.018461538461538463
0 0.1853146853146853 0.12358974358974359 0.03896103896103896 0.019487179487179488
0 0.7852147852147852 0.5825641025641025 0.03196803196803197 0.01641025641025641
0 0.913086913086913 0.25076923076923074 0.023976023976023976 0.015384615384615385
0 0.2972027972027972 0.3261538461538461 0.03696303696303696 0.018461538461538463
0 0.30719280719280717 0.916923076923077 0.030969030969030968 0.01641025641025641
0 0.7957042957042957 0.16256410256410256 0.030969030969030968 0.017435897435897435
0 0.8551448551448552 0.8071794871794872 0.03796203796203796 0.020512820512820513
0 0.33116883116883117 0.7092307692307692 0.03296703296703297 0.017435897435897435
0 0.8076923076923077 0.5153846153846153 0.03496503496503497 0.017435897435897435
0 0.5044955044955045 0.25333333333333335 0.029970029970029972 0.014358974358974359
0 0.7857142857142857 0.3553846153846154 0.028971028971028972 0.017435897435897435
0 0.18681318681318682 0.11076923076923077 0.03196803196803197 0.01641025641025641
0 0.41058941058941056 0.4276923076923077 0.03596403596403597 0.018461538461538463
0 0.37212787212787213 0.8630769230769231 0.03296703296703297 0.015384615384615385
0 0.3356643356643357 0.5205128205128206 0.03596403596403597 0.015384615384615385
0 0.8691308691308691 0.26564102564102565 0.015984015984015984 0.028717948717948718
0 0.37462537462537465 0.6753846153846154 0.03196803196803197 0.015384615384615385
0 0.8656343656343657 0.20923076923076922 0.030969030969030968 0.01641025641025641
0 0.3706293706293706 0.16256410256410256 0.027972027972027972 0.015384615384615385
0 0.6013986013986014 0.8564102564102564 0.03196803196803197 0.018461538461538463
0 0.7837162837162838 0.941025641025641 0.06893106893106893 0.021538461538461538
0 0.33316683316683315 0.40102564102564103 0.024975024975024976 0.01641025641025641
0 0.5304695304695305 0.7112820512820512 0.03196803196803197 0.017435897435897435
0 0.7997002997002997 0.6815384615384615 0.026973026973026972 0.019487179487179488
0 0.3856143856143856 0.10871794871794872 0.03996003996003996 0.020512820512820513
0 0.45854145854145856 0.06564102564102564 0.03396603396603397 0.018461538461538463
0 0.9775224775224776 0.3005128205128205 0.024975024975024976 0.01641025641025641
0 0.5044955044955045 0.26461538461538464 0.027972027972027972 0.01641025641025641
0 0.4050949050949051 0.44358974358974357 0.028971028971028972 0.017435897435897435
0 0.8971028971028971 0.258974358974359 0.02197802197802198 0.015384615384615385
0 0.8001998001998002 0.27025641025641023 0.025974025974025976 0.017435897435897435
0 0.7847152847152847 0.5938461538461538 0.030969030969030968 0.018461538461538463
0 0.978021978021978 0.8282051282051283 0.025974025974025976 0.017435897435897435
0 0.5094905094905094 0.10615384615384615 0.029970029970029972 0.015384615384615385
0 0.512987012987013 0.2205128205128205 0.03496503496503497 0.020512820512820513
0 0.3126873126873127 0.7753846153846153 0.027972027972027972 0.014358974358974359
0 0.16283716283716285 0.8676923076923077 0.01998001998001998 0.014358974358974359
0 0.7007992007992008 0.9271794871794872 0.03296703296703297 0.018461538461538463
0 0.25274725274725274 0.8687179487179487 0.025974025974025976 0.01641025641025641
0 0.3986013986013986 0.7994871794871795 0.027972027972027972 0.017435897435897435
0 0.1773226773226773 0.0882051282051282 0.026973026973026972 0.01641025641025641
0 0.9140859140859141 0.23846153846153847 0.027972027972027972 0.017435897435897435
0 0.17132867132867133 0.16666666666666666 0.04495504495504495 0.021538461538461538
0 0.8051948051948052 0.6538461538461539 0.04395604395604396 0.021538461538461538
0 0.46853146853146854 0.2651282051282051 0.03396603396603397 0.017435897435897435
0 0.3336663336663337 0.2235897435897436 0.023976023976023976 0.01641025641025641
0 0.9040959040959041 0.818974358974359 0.03196803196803197 0.015384615384615385
0 0.8696303696303697 0.5917948717948718 0.03296703296703297 0.020512820512820513
0 0.3016983016983017 0.4235897435897436 0.029970029970029972 0.018461538461538463
0 0.9785214785214785 0.3353846153846154 0.022977022977022976 0.014358974358974359
0 0.44305694305694304 0.5158974358974359 0.030969030969030968 0.01641025641025641
0 0.8406593406593407 0.438974358974359 0.028971028971028972 0.018461538461538463
0 0.4065934065934066 0.3671794871794872 0.029970029970029972 0.01641025641025641
0 0.8001998001998002 0.19230769230769232 0.061938061938061936 0.019487179487179488
0 0.7907092907092907 0.7815384615384615 0.03296703296703297 0.01641025641025641
0 0.7957042957042957 0.09538461538461539 0.03496503496503497 0.018461538461538463
0 0.5054945054945055 0.3912820512820513 0.03196803196803197 0.017435897435897435
0 0.7472527472527473 0.6943589743589743 0.03396603396603397 0.01641025641025641
0 0.37362637362637363 0.8507692307692307 0.03196803196803197 0.015384615384615385
0 0.33166833166833165 0.20051282051282052 0.025974025974025976 0.015384615384615385
0 0.8041958041958042 0.6702564102564103 0.03796203796203796 0.019487179487179488
0 0.29920079920079923 0.8507692307692307 0.030969030969030968 0.015384615384615385
0 0.33666333666333664 0.08974358974358974 0.029970029970029972 0.015384615384615385
0 0.22827172827172826 0.06461538461538462 0.03696303696303696 0.014358974358974359
0 0.8431568431568431 0.7584615384615384 0.029970029970029972 0.017435897435897435
0 0.15934065934065933 0.8353846153846154 0.022977022977022976 0.015384615384615385
0 0.13136863136863136 0.8671794871794872 0.028971028971028972 0.015384615384615385
0 0.25374625374625376 0.8794871794871795 0.027972027972027972 0.015384615384615385
0 0.5064935064935064 0.5353846153846153 0.03596403596403597 0.018461538461538463
0 0.7482517482517482 0.23794871794871794 0.03396603396603397 0.018461538461538463
0 0.4695304695304695 0.19589743589743588 0.03396603396603397 0.022564102564102566
0 0.3016983016983017 0.19333333333333333 0.029970029970029972 0.017435897435897435
0 0.7482517482517482 0.24923076923076923 0.03196803196803197 0.018461538461538463
0 0.8776223776223776 0.6707692307692308 0.01898101898101898 0.01641025641025641
0 0.5894105894105894 0.9923076923076923 0.025974025974025976 0.015384615384615385
0 0.512987012987013 0.34512820512820513 0.03296703296703297 0.015384615384615385
0 0.7957042957042957 0.5682051282051283 0.028971028971028972 0.018461538461538463
0 0.5309690309690309 0.6933333333333334 0.03896103896103896 0.022564102564102566
0 0.1933066933066933 0.4841025641025641 0.04095904095904096 0.020512820512820513
0 0.8086913086913087 0.4256410256410256 0.03296703296703297 0.01641025641025641
0 0.2712287712287712 0.39897435897435896 0.030969030969030968 0.018461538461538463
0 0.17832167832167833 0.06051282051282051 0.030969030969030968 0.01641025641025641
0 0.7472527472527473 0.7071794871794872 0.03196803196803197 0.017435897435897435
0 0.6008991008991009 0.8430769230769231 0.030969030969030968 0.01641025641025641
0 0.9075924075924076 0.735897435897436 0.03496503496503497 0.015384615384615385
0 0.8091908091908092 0.8271794871794872 0.029970029970029972 0.017435897435897435
0 0.34715284715284717 0.4907692307692308 0.054945054945054944 0.02564102564102564
0 0.4595404595404595 0.09025641025641026 0.025974025974025976 0.01641025641025641
0 0.9110889110889111 0.5815384615384616 0.023976023976023976 0.01641025641025641
0 0.3026973026973027 0.3841025641025641 0.027972027972027972 0.015384615384615385
0 0.7867132867132867 0.3425641025641026 0.03296703296703297 0.01641025641025641
0 0.6178821178821179 0.2235897435897436 0.04295704295704296 0.02666666666666667
0 0.5529470529470529 0.801025641025641 0.028971028971028972 0.01641025641025641
0 0.9375624375624375 0.3569230769230769 0.022977022977022976 0.014358974358974359
0 0.4210789210789211 0.6948717948717948 0.04695304695304695 0.021538461538461538
0 0.3841158841158841 0.5158974358974359 0.03296703296703297 0.018461538461538463
0 0.8721278721278721 0.09435897435897436 0.03196803196803197 0.018461538461538463
0 0.2962037962037962 0.2856410256410256 0.03696303696303696 0.019487179487179488
0 0.2547452547452547 0.8405128205128205 0.023976023976023976 0.015384615384615385
0 0.9125874125874126 0.5676923076923077 0.026973026973026972 0.015384615384615385
0 0.978021978021978 0.703076923076923 0.023976023976023976 0.02358974358974359
0 0.34065934065934067 0.1558974358974359 0.03396603396603397 0.020512820512820513
0 0.8491508491508492 0.1517948717948718 0.03196803196803197 0.020512820512820513
0 0.8081918081918081 0.5276923076923077 0.03796203796203796 0.019487179487179488
0 0.5104895104895105 0.09435897435897436 0.029970029970029972 0.01641025641025641
0 0.37012987012987014 0.1723076923076923 0.026973026973026972 0.014358974358974359
0 0.453046953046953 0.8630769230769231 0.026973026973026972 0.015384615384615385
0 0.9775224775224776 0.16205128205128205 0.022977022977022976 0.01641025641025641
0 0.2962037962037962 0.3374358974358974 0.03696303696303696 0.01641025641025641
0 0.9825174825174825 0.3943589743589744 0.012987012987012988 0.02358974358974359
0 0.9790209790209791 0.24256410256410257 0.02197802197802198 0.019487179487179488
0 0.8651348651348651 0.7225641025641025 0.03196803196803197 0.017435897435897435
0 0.2062937062937063 0.8748717948717949 0.014985014985014986 0.014358974358974359
0 0.33466533466533466 0.5328205128205128 0.03396603396603397 0.019487179487179488
0 0.9535464535464535 0.5912820512820512 0.024975024975024976 0.015384615384615385
0 0.6528471528471529 0.9276923076923077 0.024975024975024976 0.017435897435897435
0 0.4075924075924076 0.047692307692307694 0.07192807192807193 0.02358974358974359
0 0.9095904095904096 0.7446153846153846 0.03296703296703297 0.018461538461538463
0 0.7962037962037962 0.06615384615384616 0.029970029970029972 0.017435897435897435
0 0.2787212787212787 0.3871794871794872 0.04595404595404595 0.019487179487179488
0 0.33816183816183815 0.10102564102564103 0.026973026973026972 0.015384615384615385
0 0.34665334665334663 0.13538461538461538 0.04795204795204795 0.01641025641025641
0 0.469030969030969 0.4266666666666667 0.03296703296703297 0.020512820512820513
0 0.6078921078921079 0.7215384615384616 0.052947052947052944 0.02564102564102564
0 0.29920079920079923 0.045641025641025644 0.08891108891108891 0.02358974358974359
0 0.9765234765234765 0.3717948717948718 0.02097902097902098 0.013333333333333334
0 0.47652347652347654 0.04717948717948718 0.06993006993006994 0.022564102564102566
0 0.945054945054945 0.11794871794871795 0.025974025974025976 0.02666666666666667
0 0.8071928071928072 0.43846153846153846 0.03596403596403597 0.017435897435897435
0 0.5073126873126873 0.4529948717948718 0.048041958041958044 0.022851282051282052
0 0.5074625374625374 0.17658461538461537 0.04283716283716284 0.021743589743589743
0 0.7933766233766233 0.7692 0.06132867132867133 0.02268717948717949