0 0.8108077108077107 0.7662564102564102 0.029267029267029277 0.022495726495726558
0 0.5352832352832353 0.9096068376068376 0.03529063529063532 0.02495726495726488
0 0.24112554112554113 0.8226666666666665 0.0322788322788323 0.023726495726495603
0 0.8341066341066341 0.5694700854700855 0.039301439301439346 0.026256410256410165
0 0.16244866244866243 0.32700854700854703 0.03529063529063532 0.02495726495726488
0 0.20465830465830467 0.6525128205128206 0.03730343730343729 0.026119658119658152
0 0.46395456395456397 0.9421538461538462 0.03329263329263332 0.024820512820512865
0 0.5911717911717912 0.1834188034188034 0.0352758352758353 0.02393162393162397
0 0.14307174307174308 0.666974358974359 0.03530543530543529 0.02598290598290614
0 0.10597180597180597 0.36776068376068377 0.03630443630443629 0.02605128205128203
0 0.17392977392977396 0.810871794871795 0.03429163429163432 0.024888888888888874
0 0.5515706515706517 0.19586324786324785 0.03226403226403227 0.022700854700854693
0 0.7468716468716469 0.010068376068376067 0.03123543123543122 0.020136752136752135
0 0.7943093943093944 0.3534358974358975 0.0383468383468382 0.029264957264957234
0 0.6137936137936137 0.3447863247863248 0.03223443223443222 0.02064957264957264
0 0.13911643911643912 0.699008547008547 0.02321382321382323 0.01798290598290595
0 0.10733340733340735 0.7575384615384616 0.030266030266030274 0.022564102564102566
0 0.5388093388093388 0.4923418803418803 0.03931623931623914 0.02728205128205119
0 0.6358049358049358 0.8596923076923078 0.03831723831723815 0.02721367521367518
0 0.6879638879638881 0.8761025641025642 0.0332926332926331 0.024820512820512633
0 0.8498427498427499 0.7584615384615384 0.028268028268028277 0.022427350427350553
0 0.5947533947533948 0.21186324786324787 0.02925222925222925 0.021470085470085474
0 0.6157620157620157 0.27753846153846157 0.03728863728863709 0.025094017094017124
0 0.16501646501646502 0.35654700854700855 0.04635364635364633 0.030837606837606776
0 0.9536241536241536 0.7938803418803418 0.041299441299441346 0.02639316239316241
0 0.6806378806378807 0.4846837606837607 0.036260036260036266 0.02297435897435895
0 0.5882635882635883 0.8690940170940171 0.03329263329263332 0.024820512820512865
0 0.678928478928479 0.6031452991452991 0.03827283827283829 0.024136752136752107
0 0.4941650941650942 0.19723076923076924 0.0312798312798313 0.023658119658119713
0 0.20486550486550487 0.5689914529914529 0.03424723424723424 0.021811965811965796
0 0.7838975838975839 0.7983247863247863 0.0302808302808303 0.02358974358974359
0 0.10662300662300662 0.39179487179487177 0.036289636289636294 0.025025641025641
0 0.44713064713064715 0.2060854700854701 0.0342768342768343 0.02386324786324785
0 0.42523772523772524 0.9278974358974359 0.03429163429163432 0.024888888888888874
0 0.5646649646649647 0.29128205128205126 0.03728863728863709 0.025094017094017124
0 0.6814185814185815 0.05018803418803419 0.03329263329263332 0.02482051282051281
0 0.7042439042439042 0.4395213675213675 0.03125023125023125 0.021606837606837546
0 0.8451770451770452 0.8397264957264957 0.04331224331224337 0.02755555555555568
0 0.43685943685943684 0.502905982905983 0.0383320383320384 0.02823931623931621
0 0.7935730935730936 0.5773675213675215 0.0332778332778333 0.023794871794871608
0 0.3794094794094794 0.09237606837606838 0.0332778332778333 0.02379487179487178
0 0.09687349687349688 0.272068376068376 0.0342768342768343 0.02386324786324785
0 0.5424353424353424 0.5177094017094017 0.030266030266030274 0.022564102564102566
0 0.7250416250416251 0.41606837606837604 0.03429163429163432 0.024888888888888874
0 0.84011914011914 0.6023589743589743 0.039331039331039395 0.028307692307692214
0 0.6447441447441448 0.3093675213675214 0.0302808302808303 0.02358974358974359
0 0.15386835386835385 0.5412307692307693 0.02825322825322825 0.021401709401709525
0 0.4825914825914826 0.445982905982906 0.04135864135864133 0.030495726495726513
0 0.42436822436822436 0.9535726495726495 0.0262256262256262 0.01921367521367523
0 0.8066304066304066 0.7445128205128205 0.030266030266030274 0.022564102564102566
0 0.1836829836829837 0.4116239316239316 0.0342768342768343 0.02386324786324785
0 0.15616235616235616 0.17476923076923073 0.038317238317238315 0.02721367521367518
0 0.5088578088578088 0.3202051282051282 0.03426203426203427 0.02283760683760682
0 0.47673437673437674 0.7481367521367522 0.0352758352758353 0.023931623931624086
0 0.18784548784548785 0.43439316239316234 0.03530543530543529 0.025982905982905907
0 0.9798534798534798 0.808991452991453 0.015369815369815222 0.027692307692307693
0 0.1421837421837422 0.45186324786324794 0.029267029267029277 0.022495726495726558
0 0.7758611758611759 0.04116239316239316 0.03125023125023125 0.0216068376068376
0 0.04754134754134754 0.26724786324786326 0.032278832278832284 0.023726495726495718
0 0.13775853775853777 0.6202051282051283 0.03830243830243829 0.026188034188034157
0 0.5884004884004884 0.1334017094017094 0.03224923224923225 0.02167521367521367
0 0.10332630332630333 0.23986324786324786 0.03427683427683427 0.02386324786324785
0 0.593047693047693 0.15716239316239314 0.03126503126503127 0.02263247863247863
0 0.7372479372479372 0.7805128205128206 0.0312798312798313 0.023658119658119595
0 0.6116365116365117 0.32136752136752134 0.03226403226403227 0.022700854700854693
0 0.7131683131683132 0.7201709401709403 0.028223628223628196 0.019350427350427475
0 0.10842860842860844 0.404991452991453 0.03427683427683427 0.02386324786324785
0 0.4427387427387427 0.13005128205128205 0.040330040330040395 0.028376068376068365
0 0.5563473563473564 0.7293675213675215 0.03226403226403227 0.022700854700854575
0 0.6801346801346801 0.035418803418803414 0.03226403226403227 0.022700854700854693
0 0.47253117253117255 0.34779487179487184 0.03630443630443635 0.026051282051282144
0 0.23080993080993079 0.7767521367521368 0.03429163429163432 0.024888888888888874
0 0.5025012025012024 0.0690940170940171 0.03628963628963632 0.025025641025641032
0 0.15597365597365595 0.5682393162393162 0.026240426240426225 0.020239316239316255
0 0.46432826432826435 0.32837606837606836 0.03424723424723424 0.021811965811965796
0 0.51001591001591 0.34369230769230774 0.02825322825322825 0.021401709401709292
0 0.555992155992156 0.753982905982906 0.02925222925222925 0.021470085470085533
0 0.7517593517593518 0.6048205128205129 0.04429644429644434 0.02659829059829066
0 0.5844044844044843 0.8252991452991453 0.0302808302808303 0.02358974358974359
0 0.6870573870573871 0.14355555555555555 0.029281829281829302 0.023521367521367527
0 0.9497761497761498 0.7838974358974359 0.036260036260036266 0.022974358974359066
0 0.15844895844895845 0.7770940170940172 0.0323084323084323 0.025777777777777653
0 0.16096126096126095 0.2917606837606838 0.03529063529063532 0.02495726495726488
0 0.4781033781033781 0.7915897435897435 0.03529063529063532 0.024957264957265114
0 0.6657638657638658 0.20136752136752134 0.03526103526103527 0.022905982905982943
0 0.6567543567543567 0.16868376068376068 0.03430643430643435 0.0259145299145299
0 0.8477078477078477 0.7335042735042735 0.030295630295630326 0.024615384615384615
0 0.9051837051837053 0.7618461538461538 0.03429163429163409 0.024888888888889106
0 0.05225515225515226 0.8396923076923077 0.02825322825322825 0.021401709401709525
0 0.5522292522292522 0.2193846153846154 0.028223628223628196 0.019350427350427357
0 0.2209013209013209 0.840957264957265 0.03126503126503127 0.02263247863247857
0 0.13206793206793205 0.8762393162393163 0.03429163429163432 0.024888888888888874
0 0.7595552595552595 0.029982905982905983 0.04131424131424114 0.02741880341880342
0 0.2197876197876198 0.606905982905983 0.03426203426203427 0.02283760683760682
0 0.05243645243645244 0.3084102564102564 0.02624042624042624 0.020239316239316255
0 0.673008473008473 0.25261538461538463 0.039301439301439346 0.02625641025641028
0 0.7344803344803346 0.8339829059829059 0.033263033263033044 0.022769230769230816
0 0.15833425833425832 0.19716239316239317 0.0332778332778333 0.02379487179487184
0 0.17747437747437747 0.8418803418803418 0.04033004033004034 0.02837606837606822
0 0.6854478854478855 0.6354871794871795 0.0352758352758353 0.023931623931623854
0 0.18923668923668924 0.5454700854700855 0.03728863728863732 0.025094017094017124
0 0.4583379583379584 0.2247863247863248 0.03223443223443222 0.02064957264957264
0 0.19156769156769154 0.38393162393162394 0.0312798312798313 0.023658119658119595
0 0.7562363562363562 0.017914529914529916 0.03426203426203427 0.022837606837606838
0 0.5729270729270729 0.3757606837606838 0.038302438302438346 0.026188034188034157
0 0.6636881636881636 0.7947692307692309 0.03524623524623524 0.021880341880342036
0 0.6581640581640581 0.4513846153846154 0.038258038258038266 0.02311111111111108
0 0.09827209827209828 0.3134700854700855 0.020424020424020438 0.03213675213675218
0 0.6383875383875384 0.6115555555555555 0.03424723424723424 0.021811965811965796
0 0.0945905945905946 0.2573675213675214 0.03326303326303327 0.022769230769230816
0 0.5802937802937803 0.1073162393162393 0.03025123025123025 0.021538461538461538
0 0.43553853553853555 0.8365128205128205 0.03429163429163432 0.024888888888888874
0 0.2646168646168646 0.9583589743589743 0.07137307137307139 0.03562393162393164
0 0.6463943463943463 0.3333333333333333 0.02725422725422725 0.021333333333333288
0 0.4882080882080882 0.6792136752136753 0.0342768342768343 0.02386324786324785
0 0.21734561734561733 0.7069743589743589 0.029311429311429354 0.025572649572649635
0 0.559048359048359 0.05805128205128205 0.042328042328042395 0.02851282051282051
0 0.4810929810929811 0.03111111111111111 0.03630443630443635 0.02605128205128205
0 0.003888703888703889 0.3703247863247863 0.007777407777407778 0.020376068376068385
0 0.45967365967365964 0.23596581196581196 0.030266030266030274 0.022564102564102566
0 0.5801975801975803 0.39063247863247863 0.0312798312798313 0.023658119658119595
0 0.06933806933806934 0.3128888888888889 0.024242424242424256 0.020102564102564127
0 0.16677766677766678 0.3036581196581197 0.028268028268028277 0.022427350427350435
0 0.22162282162282163 0.6180512820512821 0.03329263329263332 0.024820512820512865
0 0.05803825803825804 0.8884786324786325 0.028268028268028263 0.022427350427350553
0 0.43545713545713544 0.08136752136752137 0.03224923224923225 0.02167521367521367
0 0.44580234580234585 0.1943931623931624 0.0373330373330374 0.028170940170940142
0 0.712010212010212 0.6966837606837607 0.03023643023643045 0.020512820512820513
0 0.8718429718429719 0.7554188034188034 0.022229622229622204 0.01894017094017097
0 0.3454064454064454 0.9272136752136751 0.03529063529063532 0.024957264957265114
0 0.7827320827320827 0.7753504273504274 0.02825322825322825 0.021401709401709525
0 0.6295741295741296 0.7381880341880342 0.0302808302808303 0.02358974358974359
0 0.7630702630702632 0.002564102564102564 0.029267029267029277 0.005128205128205128
0 0.05011655011655012 0.2962735042735043 0.030280830280830274 0.02358974358974359
0 0.7784437784437784 0.06967521367521368 0.047352647352647444 0.0309059829059829
0 0.20873940873940874 0.6809230769230769 0.04635364635364633 0.030837606837606776
0 0.49570429570429564 0.22888888888888892 0.03628963628963632 0.025025641025641
0 0.6244496244496245 0.15962393162393163 0.026255226255226253 0.02126495726495728
0 0.13024753024753027 0.864068376068376 0.03424723424723424 0.021811965811965796
0 0.13706663706663705 0.6335726495726496 0.035320235320235316 0.02700854700854693
0 0.6801013801013801 0.348957264957265 0.03229363229363232 0.024752136752136743
0 0.005135605135605135 0.4040683760683761 0.01027121027121027 0.018529914529914468
0 0.5511155511155511 0.4694700854700855 0.03326303326303327 0.022769230769230816
0 0.1473008473008473 0.4776410256410257 0.03129463129463133 0.02468376068376062
0 0.5693047693047694 0.3155555555555556 0.03226403226403227 0.022700854700854693
0 0.1574055574055574 0.22694017094017094 0.06433566433566432 0.03206837606837605
0 0.23840973840973842 0.8033846153846154 0.03526103526103527 0.02290598290598306
0 0.1503052503052503 0.1311111111111111 0.03730343730343729 0.02611965811965812
0 0.47434417434417436 0.3604786324786325 0.0342768342768343 0.02386324786324785
0 0.2712176712176712 0.7084102564102565 0.0362748362748363 0.024000000000000094
0 0.6608613608613608 0.7831794871794872 0.03424723424723424 0.021811965811965796
0 0.6232841232841233 0.13664957264957264 0.028238428238428225 0.020376068376068385
0 0.2114996114996115 0.6971282051282052 0.040315240315240315 0.027350427350427194
0 0.7344433344433344 0.7673846153846154 0.03324823324823324 0.02174358974358956
0 0.6048803048803049 0.028786324786324785 0.03224923224923225 0.021675213675213675
0 0.1836866836866837 0.7917606837606838 0.0322788322788323 0.023726495726495603
0 0.8713101713101713 0.7231794871794872 0.025241425241425225 0.02017094017094025
0 0.9028860028860028 0.7481709401709402 0.03125023125023125 0.021606837606837546
0 0.7830761830761831 0.7860854700854701 0.03025123025123025 0.021538461538461538
0 0.4907684907684908 0.5017777777777778 0.038302438302438346 0.026188034188034157
0 0.21480001480001482 0.2609230769230769 0.03630443630443635 0.026051282051282085
0 0.48620638620638623 0.1608888888888889 0.03736263736263745 0.030222222222222254
0 0.6524179524179524 0.1233846153846154 0.0322788322788323 0.023726495726495718
0 0.21613571613571614 0.2721025641025641 0.03429163429163432 0.024888888888888874
0 0.1389166389166389 0.7128547008547008 0.02124542124542123 0.01989743589743599
0 0.46315906315906313 0.9627008547008548 0.028105228105228097 0.01114529914529927
0 0.46100196100196095 0.3168205128205128 0.03524623524623524 0.021880341880341804
0 0.20748510748510746 0.5949401709401709 0.03129463129463133 0.02468376068376062
0 0.4854626854626855 0.6619829059829061 0.04235764235764233 0.03056410256410275
0 0.7953416953416954 0.38564102564102565 0.04334184334184319 0.029606837606837615
0 0.17752987752987753 0.4576410256410257 0.03526103526103527 0.02290598290598283
0 0.7074888074888075 0.31839316239316234 0.03329263329263332 0.024820512820512865
0 0.27253117253117254 0.7211282051282052 0.0342768342768343 0.02386324786324785
0 0.4342250342250342 0.8237948717948719 0.03326303326303327 0.022769230769230583
0 0.11694601694601695 0.783008547008547 0.037259037259037266 0.023042735042735074
0 0.22573352573352576 0.8518974358974358 0.0322788322788323 0.023726495726495603
0 0.6435786435786436 0.42471794871794877 0.058415658415658336 0.036786324786324674
0 0.48323528323528325 0.05555555555555555 0.02825322825322825 0.021401709401709396
0 0.09466829466829468 0.6323760683760683 0.026255226255226253 0.021264957264957047
0 0.6746697746697746 0.3103931623931624 0.03025123025123025 0.021538461538461538
0 0.18924778924778926 0.3717948717948718 0.03526103526103527 0.022905982905982943
0 0.3421467421467421 0.21941880341880343 0.04642764642764646 0.03596581196581196
0 0.47688607688607687 0.7722051282051282 0.03126503126503127 0.02263247863247857
0 0.04137714137714137 0.4177777777777778 0.025226625226625228 0.01914529914529922
0 0.5945609945609945 0.6401709401709401 0.04935064935064944 0.031042735042735026
0 0.6096829096829097 0.4567521367521368 0.03529063529063509 0.02495726495726488
0 0.07424057424057423 0.14605128205128207 0.034291634291634294 0.024888888888888874
0 0.6690975690975691 0.21241025641025643 0.03931623931623937 0.027282051282051304
0 0.7776371776371777 0.7480341880341881 0.026240426240426225 0.020239316239316255
0 0.09136419136419136 0.6192820512820513 0.02925222925222925 0.021470085470085533
0 0.04284604284604284 0.7655384615384615 0.027357827357827352 0.028512820512820468
0 0.6094202094202095 0.09456410256410257 0.0363340363340364 0.02810256410256411
0 0.10393310393310394 0.1978119658119658 0.03432123432123432 0.026940170940170923
0 0.19055759055759056 0.5576752136752137 0.040315240315240315 0.027350427350427427
0 0.4331224331224331 0.07025641025641026 0.03226403226403227 0.022700854700854693
0 0.5821511821511821 0.11692307692307692 0.02923742923742922 0.02044444444444445
0 0.5835978835978836 0.812034188034188 0.02925222925222925 0.021470085470085533
0 0.6753505753505753 0.2632136752136752 0.03927183927183929 0.02420512820512823
0 0.004736004736004736 0.4635555555555556 0.009472009472009471 0.026735042735042673
0 0.15767935767935767 0.7612649572649572 0.0342768342768343 0.02386324786324785
0 0.8296925296925297 0.7716239316239315 0.01721981721981718 0.017572649572649448
0 0.660990860990861 0.46297435897435896 0.03631923631923615 0.02707692307692317
0 0.05397935397935398 0.651042735042735 0.027239427239427252 0.020307692307692263
0 0.39295519295519293 0.9172991452991454 0.027269027269027277 0.022358974358974312
0 0.5294076294076294 0.011094017094017094 0.07541347541347534 0.022188034188034188
0 0.11582121582121582 0.7917948717948718 0.03529063529063527 0.02495726495726488
0 0.14622414622414623 0.10270085470085469 0.0322788322788323 0.023726495726495718
0 0.6986531986531986 0.3082393162393162 0.04832204832204839 0.02892307692307697
0 0.6052170052170052 0.04003418803418803 0.02925222925222925 0.021470085470085474
0 0.6007104007104007 0.07569230769230768 0.05029045029045033 0.027008547008547018
0 0.5143745143745144 0.38745299145299145 0.03532023532023538 0.02700854700854693
0 0.41247271247271244 0.7059145299145299 0.056417656417656344 0.036649572649572665
0 0.007866207866207866 0.44027350427350426 0.015732415732415732 0.017914529914529947
0 0.46134236134236134 0.017726495726495723 0.07240167240167232 0.035452991452991446
0 0.009760609760609761 0.18437606837606835 0.019521219521219522 0.03124786324786328
0 0.18034188034188037 0.47025641025641024 0.03828763828763832 0.025162393162393132
0 0.47995707995708 0.421059829059829 0.05137825137825138 0.03323076923076932
0 0.4459392459392459 0.15032478632478632 0.045354645354645444 0.03076923076923077
0 0.23408443408443405 0.7918974358974359 0.0643800643800644 0.03514529914529913