0 0.22337545126353792 0.7417864476386037 0.029783393501805054 0.019507186858316223
0 0.9016245487364621 0.8208418891170431 0.030685920577617327 0.019507186858316223
0 0.398014440433213 0.175564681724846 0.02888086642599278 0.018480492813141684
0 0.22247292418772563 0.24435318275154005 0.029783393501805054 0.02053388090349076
0 0.2197653429602888 0.6078028747433265 0.02256317689530686 0.014373716632443531
0 0.22157039711191337 0.2135523613963039 0.027978339350180504 0.018480492813141684
0 0.44404332129963897 0.23819301848049282 0.030685920577617327 0.02053388090349076
0 0.766245487364621 0.8613963039014374 0.02707581227436823 0.01642710472279261
0 0.16200361010830325 0.8603696098562629 0.0315884476534296 0.02053388090349076
0 0.7125451263537906 0.6483572895277208 0.033393501805054154 0.023613963039014373
0 0.8276173285198556 0.6283367556468172 0.02707581227436823 0.01642710472279261
0 0.7779783393501805 0.5256673511293635 0.032490974729241874 0.02053388090349076
0 0.13763537906137185 0.41324435318275154 0.029783393501805054 0.017453798767967144
0 0.5654332129963899 0.6386036960985626 0.029783393501805054 0.018480492813141684
0 0.2648916967509025 0.25770020533880905 0.033393501805054154 0.02053388090349076
0 0.3704873646209386 0.1524640657084189 0.029783393501805054 0.017453798767967144
0 0.8840252707581228 0.2648870636550308 0.04963898916967509 0.022587268993839837
0 0.26398916967509023 0.7571868583162218 0.0315884476534296 0.019507186858316223
0 0.7689530685920578 0.8870636550308009 0.02707581227436823 0.014373716632443531
0 0.7441335740072202 0.8403490759753593 0.027978339350180504 0.017453798767967144
0 0.4435920577617328 0.7186858316221766 0.029783393501805054 0.02053388090349076
0 0.8352888086642599 0.5564681724845996 0.0315884476534296 0.02053388090349076
0 0.384927797833935 0.12833675564681724 0.027978339350180504 0.01642710472279261
0 0.4666064981949459 0.6293634496919918 0.030685920577617327 0.018480492813141684
0 0.3000902527075812 0.19558521560574949 0.03700361010830325 0.019507186858316223
0 0.3971119133574007 0.8295687885010267 0.032490974729241874 0.02053388090349076
0 0.3835740072202166 0.20431211498973306 0.03429602888086643 0.02053388090349076
0 0.5072202166064982 0.34188911704312114 0.02707581227436823 0.02053388090349076
0 0.5139891696750902 0.18172484599589322 0.0388086642599278 0.022587268993839837
0 0.6570397111913358 0.6555441478439425 0.02707581227436823 0.019507186858316223
0 0.6574909747292419 0.7094455852156057 0.029783393501805054 0.018480492813141684
0 0.19810469314079424 0.7515400410677618 0.026173285198555957 0.01642710472279261
0 0.3118231046931408 0.30390143737166325 0.0315884476534296 0.02053388090349076
0 0.25676895306859204 0.8285420944558521 0.0315884476534296 0.02053388090349076
0 0.901173285198556 0.29312114989733057 0.027978339350180504 0.019507186858316223
0 0.7107400722021661 0.2535934291581109 0.0315884476534296 0.018480492813141684
0 0.21886281588447654 0.5805954825462012 0.026173285198555957 0.015400410677618069
0 0.8352888086642599 0.1971252566735113 0.029783393501805054 0.02053388090349076
0 0.8862815884476535 0.23921971252566734 0.03429602888086643 0.02053388090349076
0 0.15703971119133575 0.1919917864476386 0.04332129963898917 0.02053388090349076
0 0.779783393501805 0.4419917864476386 0.032490974729241874 0.021560574948665298
0 0.29422382671480146 0.12833675564681724 0.039711191335740074 0.022587268993839837
0 0.8375451263537906 0.3059548254620123 0.02527075812274368 0.01642710472279261
0 0.8925992779783394 0.5574948665297741 0.052346570397111915 0.026694045174537988
0 0.31723826714801445 0.7263860369609856 0.0351985559566787 0.023613963039014373
0 0.5839350180505415 0.702340862422998 0.036101083032490974 0.021560574948665298
0 0.22202166064981949 0.7094455852156057 0.02527075812274368 0.01642710472279261
0 0.38402527075812276 0.10369609856262833 0.026173285198555957 0.014373716632443531
0 0.7152527075812274 0.35728952772073924 0.026173285198555957 0.01642710472279261
0 0.1651624548736462 0.5179671457905544 0.02707581227436823 0.015400410677618069
0 0.6146209386281588 0.521047227926078 0.02707581227436823 0.019507186858316223
0 0.5546028880866426 0.6196098562628337 0.0315884476534296 0.019507186858316223
0 0.6159747292418772 0.6514373716632443 0.024368231046931407 0.017453798767967144
0 0.25406137184115524 0.589835728952772 0.029783393501805054 0.019507186858316223
0 0.21886281588447654 0.36498973305954824 0.02256317689530686 0.015400410677618069
0 0.8343862815884476 0.41324435318275154 0.0315884476534296 0.021560574948665298
0 0.22157039711191337 0.3372689938398357 0.026173285198555957 0.017453798767967144
0 0.6110108303249098 0.22638603696098564 0.030685920577617327 0.017453798767967144
0 0.5830324909747292 0.25 0.03429602888086643 0.019507186858316223
0 0.6159747292418772 0.3182751540041068 0.027978339350180504 0.018480492813141684
0 0.7093862815884476 0.7084188911704312 0.02888086642599278 0.018480492813141684
0 0.14485559566787004 0.39117043121149897 0.027978339350180504 0.014373716632443531
0 0.38267148014440433 0.7515400410677618 0.03429602888086643 0.022587268993839837
0 0.46615523465703973 0.337782340862423 0.0351985559566787 0.022587268993839837
0 0.8348375451263538 0.7684804928131417 0.032490974729241874 0.021560574948665298
0 0.9038808664259927 0.14527720739219713 0.029783393501805054 0.019507186858316223
0 0.5153429602888087 0.24178644763860369 0.02888086642599278 0.015400410677618069
0 0.5663357400722022 0.3044147843942505 0.029783393501805054 0.019507186858316223
0 0.6498194945848376 0.4235112936344969 0.032490974729241874 0.019507186858316223
0 0.8930505415162455 0.4152977412731006 0.05324909747292419 0.027720739219712527
0 0.7454873646209387 0.15605749486652978 0.02888086642599278 0.018480492813141684
0 0.16290613718411553 0.09394250513347023 0.0315884476534296 0.019507186858316223
0 0.8930505415162455 0.19969199178644764 0.05685920577617329 0.02566735112936345
0 0.5243682310469314 0.276694045174538 0.02707581227436823 0.019507186858316223
0 0.5852888086642599 0.26232032854209447 0.033393501805054154 0.019507186858316223
0 0.6588447653429603 0.25205338809034905 0.02527075812274368 0.015400410677618069
0 0.8763537906137184 0.8629363449691991 0.030685920577617327 0.015400410677618069
0 0.125 0.5205338809034907 0.027978339350180504 0.018480492813141684
0 0.6164259927797834 0.3044147843942505 0.02888086642599278 0.017453798767967144
0 0.7125451263537906 0.3141683778234086 0.033393501805054154 0.022587268993839837
0 0.8352888086642599 0.6529774127310062 0.027978339350180504 0.01642710472279261
0 0.6489169675090253 0.34856262833675566 0.030685920577617327 0.015400410677618069
0 0.7486462093862816 0.18531827515400412 0.033393501805054154 0.019507186858316223
0 0.5166967509025271 0.3860369609856263 0.027978339350180504 0.01642710472279261
0 0.5582129963898917 0.22946611909650924 0.027978339350180504 0.015400410677618069
0 0.16335740072202165 0.5446611909650924 0.021660649819494584 0.013347022587268994
0 0.6209386281588448 0.34548254620123203 0.02527075812274368 0.015400410677618069
0 0.5243682310469314 0.6817248459958932 0.02707581227436823 0.018480492813141684
0 0.8722924187725631 0.12833675564681724 0.026173285198555957 0.01642710472279261
0 0.1421480144404332 0.561088295687885 0.027978339350180504 0.015400410677618069
0 0.22247292418772563 0.1704312114989733 0.026173285198555957 0.01642710472279261
0 0.2536101083032491 0.6006160164271047 0.02888086642599278 0.018480492813141684
0 0.7802346570397112 0.11447638603696099 0.027978339350180504 0.017453798767967144
0 0.7477436823104693 0.7551334702258727 0.033393501805054154 0.019507186858316223
0 0.7143501805054152 0.6119096509240246 0.026173285198555957 0.022587268993839837
0 0.5175992779783394 0.37525667351129366 0.029783393501805054 0.019507186858316223
0 0.6114620938628159 0.7243326488706365 0.026173285198555957 0.015400410677618069
0 0.25 0.236652977412731 0.02888086642599278 0.019507186858316223
0 0.20081227436823104 0.7761806981519507 0.02256317689530686 0.014373716632443531
0 0.11507220216606498 0.7802874743326489 0.024368231046931407 0.01642710472279261
0 0.34025270758122744 0.4101642710472279 0.02707581227436823 0.017453798767967144
0 0.8745487364620939 0.11498973305954825 0.023465703971119134 0.014373716632443531
0 0.8903429602888087 0.7700205338809035 0.055054151624548735 0.026694045174537988
0 0.7788808664259927 0.8418891170431212 0.02527075812274368 0.018480492813141684
0 0.5185018050541517 0.5734086242299795 0.027978339350180504 0.015400410677618069
0 0.15613718411552346 0.7551334702258727 0.02707581227436823 0.015400410677618069
0 0.5550541516245487 0.3424024640657084 0.032490974729241874 0.019507186858316223
0 0.8348375451263538 0.26899383983572894 0.04151624548736462 0.02053388090349076
0 0.7874548736462094 0.324435318275154 0.024368231046931407 0.018480492813141684
0 0.5221119133574007 0.41119096509240244 0.0315884476534296 0.017453798767967144
0 0.5216606498194946 0.16427104722792607 0.02888086642599278 0.01642710472279261
0 0.6204873646209387 0.6103696098562629 0.026173285198555957 0.015400410677618069
0 0.7685018050541517 0.1026694045174538 0.027978339350180504 0.01642710472279261
0 0.15342960288808663 0.7777207392197125 0.02527075812274368 0.015400410677618069
0 0.2793321299638989 0.5811088295687885 0.027978339350180504 0.018480492813141684
0 0.5221119133574007 0.5513347022587269 0.0315884476534296 0.01642710472279261
0 0.8357400722021661 0.6652977412731006 0.02888086642599278 0.01642710472279261
0 0.296028880866426 0.10574948665297741 0.02527075812274368 0.014373716632443531
0 0.37093862815884476 0.3567761806981519 0.023465703971119134 0.015400410677618069
0 0.161101083032491 0.5980492813141683 0.027978339350180504 0.019507186858316223
0 0.6195848375451264 0.3578028747433265 0.024368231046931407 0.015400410677618069
0 0.6489169675090253 0.39373716632443534 0.023465703971119134 0.015400410677618069
0 0.634927797833935 0.694558521560575 0.04783393501805054 0.023613963039014373
0 0.8339350180505415 0.8839835728952772 0.04332129963898917 0.01642710472279261
0 0.6836642599277978 0.3798767967145791 0.024368231046931407 0.014373716632443531
0 0.36732851985559567 0.5549281314168378 0.02527075812274368 0.015400410677618069
0 0.506768953068592 0.6175564681724846 0.026173285198555957 0.019507186858316223
0 0.15568592057761732 0.728952772073922 0.027978339350180504 0.01642710472279261
0 0.11868231046931407 0.8311088295687885 0.024368231046931407 0.017453798767967144
0 0.2157039711191336 0.12679671457905545 0.02888086642599278 0.017453798767967144
0 0.6845667870036101 0.5882956878850103 0.026173285198555957 0.01642710472279261
0 0.8835740072202166 0.7279260780287474 0.04693140794223827 0.026694045174537988
0 0.51985559566787 0.5297741273100616 0.02888086642599278 0.01642710472279261
0 0.7671480144404332 0.07700205338809035 0.02527075812274368 0.01642710472279261
0 0.6570397111913358 0.30544147843942504 0.02888086642599278 0.021560574948665298
0 0.6755415162454874 0.2166324435318275 0.029783393501805054 0.018480492813141684
0 0.891245487364621 0.7073921971252567 0.029783393501805054 0.02053388090349076
0 0.9016245487364621 0.6878850102669405 0.02707581227436823 0.01642710472279261
0 0.753158844765343 0.7782340862422998 0.0315884476534296 0.018480492813141684
0 0.338898916967509 0.5261806981519507 0.027978339350180504 0.017453798767967144
0 0.1466606498194946 0.5503080082135524 0.026173285198555957 0.01642710472279261
0 0.22427797833935018 0.1837782340862423 0.02256317689530686 0.01642710472279261
0 0.6489169675090253 0.6170431211498973 0.02707581227436823 0.014373716632443531
0 0.24954873646209386 0.38809034907597534 0.026173285198555957 0.01642710472279261
0 0.8294223826714802 0.6955852156057495 0.039711191335740074 0.021560574948665298
0 0.29557761732851984 0.07494866529774127 0.027978339350180504 0.014373716632443531
0 0.7793321299638989 0.12422997946611909 0.027978339350180504 0.01642710472279261
0 0.5185018050541517 0.5852156057494866 0.027978339350180504 0.018480492813141684
0 0.6173285198555957 0.4152977412731006 0.02707581227436823 0.015400410677618069
0 0.5861913357400722 0.5559548254620124 0.027978339350180504 0.015400410677618069
0 0.7860649819494585 0.7201950718685832 0.031146209386281588 0.02333675564681725
0 0.3379963898916967 0.3655030800821355 0.026173285198555957 0.018480492813141684
0 0.8276173285198556 0.3336755646817248 0.02888086642599278 0.01642710472279261
0 0.463898916967509 0.062114989733059546 0.02888086642599278 0.015400410677618069
0 0.33303249097472926 0.12474332648870637 0.023465703971119134 0.017453798767967144
0 0.5879963898916968 0.5308008213552361 0.024368231046931407 0.01642710472279261
0 0.31498194945848373 0.6575975359342916 0.030685920577617327 0.021560574948665298
0 0.47518050541516244 0.40451745379876797 0.0315884476534296 0.018480492813141684
0 0.6475631768953068 0.33521560574948667 0.026173285198555957 0.015400410677618069
0 0.555956678700361 0.7166324435318275 0.023465703971119134 0.014373716632443531
0 0.21209386281588447 0.8146817248459959 0.030685920577617327 0.017453798767967144
0 0.8786101083032491 0.8886036960985626 0.026173285198555957 0.013347022587268994
0 0.12364620938628158 0.22535934291581108 0.032490974729241874 0.021560574948665298
0 0.07536101083032491 0.35882956878850103 0.027978339350180504 0.017453798767967144
0 0.7879061371841155 0.24845995893223818 0.023465703971119134 0.01642710472279261
0 0.6516245487364621 0.3809034907597536 0.02527075812274368 0.014373716632443531
0 0.2685018050541516 0.4887063655030801 0.0351985559566787 0.01642710472279261
0 0.28203971119133575 0.5657084188911704 0.027978339350180504 0.01642710472279261
0 0.161101083032491 0.23305954825462014 0.027978339350180504 0.01642710472279261
0 0.4747292418772563 0.5569815195071869 0.030685920577617327 0.017453798767967144
0 0.47518050541516244 0.5451745379876797 0.029783393501805054 0.01642710472279261
0 0.24954873646209386 0.7176591375770021 0.026173285198555957 0.018480492813141684
0 0.7775270758122743 0.5087268993839835 0.04963898916967509 0.02566735112936345
0 0.6313176895306859 0.2643737166324435 0.0351985559566787 0.023613963039014373
0 0.6841155234657039 0.3690965092402464 0.02527075812274368 0.015400410677618069
0 0.6814079422382672 0.5980492813141683 0.021660649819494584 0.015400410677618069
0 0.5144404332129964 0.7299794661190965 0.02527075812274368 0.014373716632443531
0 0.16606498194945848 0.4491786447638604 0.023465703971119134 0.013347022587268994
0 0.8361913357400722 0.0811088295687885 0.04422382671480144 0.018480492813141684
0 0.1624548736462094 0.21971252566735114 0.02888086642599278 0.01642710472279261
0 0.8240072202166066 0.34496919917864477 0.02527075812274368 0.01642710472279261
0 0.8695848375451264 0.6986652977412731 0.026173285198555957 0.015400410677618069
0 0.7883574007220217 0.2351129363449692 0.026173285198555957 0.01642710472279261
0 0.36913357400722024 0.34188911704312114 0.02527075812274368 0.01642710472279261
0 0.8822202166064982 0.1026694045174538 0.026173285198555957 0.01642710472279261
0 0.46435018050541516 0.6170431211498973 0.033393501805054154 0.018480492813141684
0 0.6195848375451264 0.6226899383983573 0.026173285198555957 0.017453798767967144
0 0.25045126353790614 0.37782340862423 0.027978339350180504 0.018480492813141684
0 0.1394404332129964 0.5826488706365504 0.027978339350180504 0.015400410677618069
0 0.5884476534296029 0.5754620123203286 0.021660649819494584 0.017453798767967144
0 0.7486462093862816 0.20944558521560575 0.04061371841155235 0.02053388090349076
0 0.29061371841155237 0.8121149897330595 0.02888086642599278 0.018480492813141684
0 0.263086642599278 0.7741273100616016 0.04963898916967509 0.028747433264887063
0 0.6141696750902527 0.7345995893223819 0.02256317689530686 0.015400410677618069
0 0.5573104693140795 0.13655030800821355 0.027978339350180504 0.018480492813141684
0 0.33844765342960287 0.4235112936344969 0.023465703971119134 0.017453798767967144
0 0.5866425992779783 0.40811088295687886 0.032490974729241874 0.019507186858316223
0 0.8290974729241877 0.1231006160164271 0.02707581227436823 0.022628336755646815
0 0.8264169675090253 0.8503080082135525 0.029485559566787004 0.0271047227926078
0 0.11326714801444043 0.33572895277207393 0.02075812274368231 0.014373716632443531
0 0.16425992779783394 0.43993839835728954 0.02707581227436823 0.015400410677618069
0 0.1385379061371841 0.3459958932238193 0.0315884476534296 0.018480492813141684
0 0.5568592057761733 0.14938398357289528 0.02707581227436823 0.017453798767967144
0 0.3686823104693141 0.5703285420944558 0.02075812274368231 0.015400410677618069
0 0.11552346570397112 0.30184804928131415 0.02527075812274368 0.01642710472279261
0 0.5861913357400722 0.3957905544147844 0.0315884476534296 0.017453798767967144
0 0.37906137184115524 0.7325462012320328 0.04512635379061372 0.021560574948665298
0 0.6755415162454874 0.742299794661191 0.029783393501805054 0.018480492813141684
0 0.6507220216606499 0.5728952772073922 0.02707581227436823 0.014373716632443531
0 0.15974729241877256 0.17967145790554415 0.032490974729241874 0.018480492813141684
0 0.27978339350180503 0.36498973305954824 0.02527075812274368 0.019507186858316223
0 0.6177797833935018 0.4989733059548255 0.0315884476534296 0.01642710472279261
0 0.8695848375451264 0.8393223819301848 0.027978339350180504 0.017453798767967144
0 0.8704873646209387 0.25205338809034905 0.027978339350180504 0.015400410677618069
0 0.33935018050541516 0.5112936344969199 0.02888086642599278 0.01642710472279261
0 0.7161552346570397 0.343429158110883 0.026173285198555957 0.015400410677618069
0 0.6507220216606499 0.5847022587268994 0.023465703971119134 0.015400410677618069
0 0.2779783393501805 0.351129363449692 0.030685920577617327 0.018480492813141684
0 0.6823104693140795 0.5318275154004107 0.023465703971119134 0.01642710472279261
0 0.3104693140794224 0.053901437371663245 0.030685920577617327 0.015400410677618069
0 0.9106498194945848 0.3798767967145791 0.016245487364620937 0.014373716632443531
0 0.5879963898916968 0.44815195071868585 0.026173285198555957 0.015400410677618069
0 0.6764440433212996 0.14989733059548255 0.029783393501805054 0.018480492813141684
0 0.6759927797833934 0.8254620123203286 0.02888086642599278 0.018480492813141684
0 0.33574007220216606 0.11088295687885011 0.02527075812274368 0.014373716632443531
0 0.7490974729241877 0.811088295687885 0.02707581227436823 0.014373716632443531
0 0.20532490974729242 0.48716632443531827 0.024368231046931407 0.013347022587268994
0 0.555956678700361 0.24229979466119098 0.02527075812274368 0.01642710472279261
0 0.7495487364620939 0.8003080082135524 0.027978339350180504 0.017453798767967144
0 0.25586642599277976 0.17505133470225873 0.029783393501805054 0.019507186858316223
0 0.12184115523465704 0.8172484599589322 0.03429602888086643 0.018480492813141684
0 0.36913357400722024 0.30236139630390146 0.02527075812274368 0.017453798767967144
0 0.4648014440433213 0.07597535934291581 0.02707581227436823 0.014373716632443531
0 0.21164259927797835 0.805441478439425 0.033393501805054154 0.017453798767967144
0 0.13131768953068593 0.24794661190965092 0.06046931407942238 0.033880903490759756
0 0.6823104693140795 0.5179671457905544 0.02527075812274368 0.017453798767967144
0 0.13447653429602888 0.5405544147843943 0.023465703971119134 0.013347022587268994
0 0.07626353790613719 0.34650924024640656 0.029783393501805054 0.017453798767967144
0 0.4390794223826715 0.6350102669404517 0.02256317689530686 0.015400410677618069
0 0.12545126353790614 0.7268993839835729 0.032490974729241874 0.022587268993839837
0 0.5541516245487365 0.31878850102669404 0.02527075812274368 0.021560574948665298
0 0.20306859205776173 0.5005133470225873 0.023465703971119134 0.015400410677618069
0 0.2946750902527076 0.09548254620123203 0.02075812274368231 0.01026694045174538
0 0.7466425992779783 0.13279260780287475 0.03299638989169675 0.03561601642710472
0 0.2644404332129964 0.27566735112936347 0.04151624548736462 0.02566735112936345
0 0.38267148014440433 0.22433264887063656 0.048736462093862815 0.027720739219712527
0 0.4747292418772563 0.4163244353182752 0.030685920577617327 0.017453798767967144
0 0.36958483754512633 0.6560574948665298 0.026173285198555957 0.02053388090349076
0 0.3370938628158845 0.5790554414784395 0.027978339350180504 0.018480492813141684
0 0.20351985559566788 0.4450718685831622 0.02256317689530686 0.017453798767967144
0 0.29112815884476534 0.8022073921971253 0.029783393501805054 0.016991786447638605
0 0.15796931407942238 0.7190657084188912 0.025749097472924188 0.013655030800821356
0 0.1302707581227437 0.7053080082135524 0.05314079422382672 0.018921971252566734
0 0.1177707581227437 0.6508932238193019 0.029981949458483752 0.01589322381930185
0 0.29492779783393497 0.11669404517453798 0.03087545126353791 0.01613963039014374
0 0.2142148014440433 0.11771047227926079 0.029422382671480146 0.013942505133470225
0 0.11633574007220217 0.11150924024640657 0.029909747292418774 0.017402464065708417
0 0.07913357400722022 0.11082135523613963 0.027120938628158845 0.013901437371663243
0 0.08095667870036101 0.12268993839835729 0.02318592057761733 0.014188911704312116
0 0.11939530685920577 0.12296714579055441 0.023501805054151625 0.015749486652977412
0 0.16030685920577617 0.3594866529774127 0.023528880866425992 0.015010266940451744
0 0.13429602888086645 0.35907597535934294 0.02345667870036101 0.012258726899383983
0 0.11101083032490974 0.3738501026694045 0.02072202166064982 0.016560574948665297
0 0.13105595667870037 0.4358316221765914 0.021561371841155235 0.014271047227926078
0 0.08765342960288809 0.5901334702258727 0.028357400722021663 0.027700205338809035
0 0.13639891696750903 0.5974435318275154 0.018880866425992782 0.015862422997946612
0 0.5651805054151625 0.6552464065708419 0.049918772563176894 0.018757700205338807
0 0.7862003610108304 0.6488501026694046 0.027518050541516244 0.026632443531827518
0 0.8292418772563176 0.7499691991786448 0.04476534296028881 0.018326488706365506
0 0.878673285198556 0.08058521560574948 0.03203068592057762 0.01693018480492813
0 0.8330324909747292 0.21784394250513348 0.043989169675090256 0.02268993839835729
0 0.513158844765343 0.2298665297741273 0.028339350180505415 0.017125256673511294