0 0.7034262034262034 0.13528205128205129 0.030125430125430137 0.02358974358974359
0 0.405035705035705 0.08871794871794872 0.03614163614163617 0.027076923076923082
0 0.16072446072446073 0.2718974358974359 0.03312983312983315 0.024820512820512865
0 0.7861286861286861 0.31880341880341884 0.04014504014504018 0.028376068376068455
0 0.24227624227624225 0.7803076923076923 0.03614163614163611 0.02707692307692317
0 0.17997927997927998 0.44953846153846155 0.038139638139638166 0.02721367521367518
0 0.3290931290931291 0.08095726495726496 0.03414363414363417 0.026940170940170923
0 0.6820845820845821 0.7755555555555557 0.03613423613423616 0.026051282051282144
0 0.11911791911791912 0.45613675213675214 0.036149036149036154 0.02810256410256408
0 0.1772227772227772 0.7594529914529915 0.037140637140637166 0.027145299145299177
0 0.10256040256040257 0.3063589743589744 0.035142635142635145 0.02700854700854693
0 0.6416546416546417 0.776888888888889 0.03312243312243313 0.023794871794871608
0 0.879131979131979 0.8920683760683761 0.03110963110963111 0.021606837606837546
0 0.8166981166981168 0.5423247863247863 0.038161838161838206 0.03029059829059826
0 0.6524438524438524 0.6115555555555555 0.03210863210863211 0.02167521367521355
0 0.10492470492470492 0.42646153846153845 0.02310282310282309 0.019008547008546976
0 0.057660857660857656 0.3801709401709401 0.03112443112443112 0.023658119658119595
0 0.5377585377585378 0.49299145299145297 0.04015244015244008 0.02940170940170948
0 0.5129796129796129 0.10328205128205128 0.03915343915343908 0.029333333333333326
0 0.5561734561734563 0.06984615384615384 0.034143634143634284 0.026940170940170923
0 0.7418285418285419 0.1297094017094017 0.029133829133829035 0.02454700854700855
0 0.6763865763865764 0.7469743589743589 0.029119029119029236 0.022495726495726558
0 0.6758722758722758 0.6756923076923076 0.03813223813223816 0.026188034188034157
0 0.23507233507233505 0.7505982905982905 0.04616864616864617 0.03288888888888883
0 0.8262330262330263 0.06475213675213676 0.04207644207644217 0.01928205128205128
0 0.6712657712657712 0.45241025641025645 0.03611943611943613 0.024000000000000094
0 0.4665963665963666 0.10984615384615384 0.03414363414363417 0.026940170940170923
0 0.6324971324971325 0.338017094017094 0.03813223813223793 0.026188034188034157
0 0.5883634883634884 0.7947692307692309 0.03213083213083203 0.024752136752136628
0 0.20602360602360603 0.5302564102564102 0.03412143412143413 0.02386324786324785
0 0.6683168683168683 0.11288888888888889 0.031131831131831034 0.02468376068376068
0 0.17056277056277058 0.7359316239316239 0.03713323713323716 0.026119658119658152
0 0.541987641987642 0.8023589743589743 0.03513523513523516 0.02598290598290614
0 0.29783549783549784 0.10803418803418804 0.03514263514263517 0.02700854700854699
0 0.623976023976024 0.6793162393162392 0.03813223813223816 0.026188034188034157
0 0.8066156066156066 0.8748034188034187 0.034143634143634055 0.026940170940170923
0 0.7064750064750066 0.48864957264957265 0.031117031117031235 0.02263247863247869
0 0.7123469123469124 0.056957264957264955 0.04407444407444417 0.019418803418803424
0 0.44057794057794053 0.5170940170940171 0.039160839160839206 0.030358974358974382
0 0.7462315462315462 0.32478632478632474 0.03413623413623416 0.0259145299145299
0 0.5149887149887149 0.9353162393162393 0.03413623413623416 0.0259145299145299
0 0.19888629888629888 0.8557606837606838 0.03513523513523516 0.025982905982905907
0 0.533078033078033 0.467042735042735 0.031124431124431133 0.023658119658119595
0 0.7335479335479336 0.5043418803418803 0.035142635142635055 0.02700854700854693
0 0.7813889813889814 0.28464957264957264 0.040159840159840206 0.030427350427350505
0 0.6925518925518926 0.6348034188034188 0.031131831131831034 0.02468376068376062
0 0.1674029674029674 0.5747692307692307 0.029126429126429137 0.023521367521367582
0 0.5002775002775003 0.5570598290598291 0.04117364117364112 0.032547008547008566
0 0.2891663891663892 0.08283760683760684 0.0261072261072261 0.020239316239316227
0 0.706086506086506 0.15801709401709402 0.031124431124431133 0.023658119658119654
0 0.23513893513893516 0.6906324786324787 0.03513523513523516 0.025982905982905907
0 0.28379768379768383 0.9302564102564103 0.03915343915343919 0.02933333333333324
0 0.5634994634994634 0.6700512820512821 0.03412883412883403 0.024888888888888874
0 0.40131720131720133 0.26529914529914533 0.03613423613423616 0.02605128205128203
0 0.23197543197543197 0.6673504273504274 0.03614903614903618 0.028102564102564197
0 0.18453398453398454 0.6656410256410257 0.030125430125430137 0.02358974358974359
0 0.8968142968142968 0.8517606837606838 0.031117031117031006 0.02263247863247857
0 0.1551041551041551 0.876854700854701 0.03312983312983315 0.024820512820512633
0 0.12844562844562846 0.5034188034188034 0.039146039146039126 0.028307692307692214
0 0.694923594923595 0.8251282051282052 0.032116032116032235 0.022700854700854575
0 0.21457431457431458 0.8850256410256411 0.03513523513523516 0.02598290598290614
0 0.6917526917526917 0.8008205128205128 0.03212343212343213 0.023726495726495603
0 0.6311133311133312 0.14622222222222223 0.03213083213083203 0.024752136752136743
0 0.6581011581011581 0.6344957264957265 0.03312243312243313 0.02379487179487184
0 0.6276020276020275 0.21312820512820513 0.028112628112628112 0.02140170940170941
0 0.16796906796906796 0.7224273504273504 0.03513523513523516 0.025982905982905907
0 0.5615014615014615 0.8775042735042734 0.041158841158841206 0.030495726495726277
0 0.48013468013468014 0.2563418803418803 0.03312243312243313 0.023794871794871726
0 0.8102194102194102 0.8899145299145299 0.03312243312243313 0.02379487179487184
0 0.5214600214600215 0.6558974358974359 0.037140637140637284 0.027145299145299177
0 0.16506456506456507 0.3198632478632479 0.03514263514263517 0.027008547008547046
0 0.6356717356717356 0.9164102564102564 0.03713323713323716 0.026119658119658152
0 0.1612165612165612 0.5476923076923077 0.026114626114626113 0.02126495726495728
0 0.5196174196174196 0.6772991452991453 0.03412143412143413 0.02386324786324785
0 0.5573426573426573 0.6470769230769231 0.029126429126429137 0.023521367521367582
0 0.4724756724756725 0.23275213675213677 0.029119029119029124 0.0224957264957265
0 0.6992081992081992 0.3118290598290598 0.044141044141044174 0.028649572649572713
0 0.4764013764013764 0.15408547008547008 0.03113183113183115 0.02468376068376068
0 0.7824804824804825 0.7819145299145299 0.030132830132830035 0.024615384615384615
0 0.8262811262811263 0.07141880341880343 0.03611943611943613 0.024000000000000007
0 0.09883449883449884 0.3435213675213675 0.033144633144633145 0.02687179487179492
0 0.2515114515114515 0.8147692307692309 0.03614163614163617 0.02707692307692317
0 0.389025789025789 0.22242735042735043 0.03614163614163617 0.027076923076923054
0 0.7451844451844452 0.7332307692307692 0.03512783512783503 0.02495726495726488
0 0.7474303474303474 0.7677264957264957 0.03515003515003518 0.02803418803418819
0 0.7474969474969475 0.1541880341880342 0.03113923113923116 0.025709401709401704
0 0.7920967920967921 0.10803418803418803 0.035142635142635284 0.027008547008547018
0 0.634998334998335 0.7538803418803418 0.028112628112628112 0.021401709401709525
0 0.1361823361823362 0.26099145299145304 0.03212343212343213 0.023726495726495718
0 0.04328634328634329 0.25617094017094016 0.035142635142635145 0.027008547008547046
0 0.8844488844488844 0.8678290598290598 0.04215044215044208 0.029538461538461493
0 0.20822140822140822 0.48888888888888893 0.03412883412883414 0.024888888888888874
0 0.14681614681614683 0.8352820512820512 0.026114626114626113 0.02126495726495728
0 0.7358197358197358 0.6808205128205128 0.04014504014504018 0.02837606837606822
0 0.6122692122692122 0.09470085470085471 0.03312983312983303 0.02482051282051281
0 0.27864357864357864 0.9078632478632478 0.03413623413623416 0.0259145299145299
0 0.09634069634069635 0.27466666666666667 0.04115884115884115 0.030495726495726513
0 0.6287601287601288 0.3044444444444444 0.03613423613423616 0.02605128205128203
0 0.19923779923779925 0.5584957264957264 0.03813223813223816 0.026188034188034157
0 0.5468198468198469 0.7801367521367522 0.03210863210863211 0.021675213675213783
0 0.25128945128945124 0.7148034188034189 0.03213083213083215 0.024752136752136628
0 0.8855403855403855 0.8807179487179487 0.03412883412883403 0.024888888888889106
0 0.6053909053909055 0.5944957264957265 0.03914603914603918 0.028307692307692214
0 0.5587967587967588 0.15664957264957266 0.03512043512043513 0.02393162393162397
0 0.6605727605727606 0.4926837606837607 0.03812483812483803 0.025162393162393132
0 0.18710918710918711 0.8149743589743589 0.021208421208421164 0.03323076923076932
0 0.5925962925962925 0.34348717948717944 0.03412143412143413 0.02386324786324785
0 0.20148740148740146 0.8702905982905983 0.03312983312983315 0.024820512820512865
0 0.6956228956228956 0.8528547008547008 0.030118030118030235 0.022564102564102566
0 0.3353942353942354 0.19312820512820514 0.03514263514263517 0.027008547008547046
0 0.14024494024494025 0.1321025641025641 0.07217967217967221 0.03979487179487175
0 0.6863913863913864 0.6113162393162392 0.02812002812002824 0.022427350427350553
0 0.4332223332223332 0.3279658119658119 0.03513523513523516 0.025982905982905907
0 0.1745735745735746 0.39227350427350427 0.030147630147630177 0.02666666666666667
0 0.6910311910311909 0.9084102564102564 0.043156843156842976 0.030632478632478758
0 0.628005328005328 0.960991452991453 0.037140637140637055 0.027145299145299177
0 0.07412587412587412 0.7939145299145298 0.028120028120028125 0.022427350427350553
0 0.5447404447404447 0.7687179487179487 0.031124431124431133 0.023658119658119595
0 0.6072705072705072 0.5782222222222222 0.03213083213083203 0.024752136752136628
0 0.16072076072076072 0.8249572649572648 0.024116624116624116 0.021128205128205034
0 0.25390905390905394 0.8010940170940171 0.02913382913382915 0.02454700854700861
0 0.20664150664150663 0.4775042735042735 0.03414363414363417 0.026940170940170923
0 0.5703481703481704 0.9273162393162393 0.032116032116032235 0.02270085470085481
0 0.5445665445665445 0.8138119658119658 0.03815443815443808 0.029264957264957234
0 0.6342583342583342 0.23613675213675214 0.03011063011063011 0.021538461538461538
0 0.7632626632626633 0.125025641025641 0.02211122211122199 0.01996581196581197
0 0.22414252414252414 0.13528205128205129 0.03614163614163617 0.027076923076923054
0 0.674973174973175 0.1358974358974359 0.029126429126429137 0.023521367521367527
0 0.5452991452991452 0.2233846153846154 0.031131831131831034 0.024683760683760738
0 0.8991748991748992 0.9021538461538462 0.030125430125430137 0.02358974358974359
0 0.14840344840344838 0.8476923076923077 0.03113183113183115 0.02468376068376062
0 0.8901209901209902 0.8236239316239315 0.04816664816664822 0.033025641025641074
0 0.17477707477707477 0.4204786324786325 0.04716764716764717 0.032957264957265066
0 0.5796536796536796 0.7639316239316238 0.03713323713323716 0.026119658119658152
0 0.7201169201169202 0.787897435897436 0.02712102712102724 0.022358974358974545
0 0.04587634587634588 0.26916239316239315 0.03412143412143412 0.02386324786324785
0 0.12335812335812336 0.49025641025641026 0.03615643615643617 0.029128205128205104
0 0.7126614126614127 0.5849230769230769 0.03313723313723316 0.02584615384615366
0 0.06638916638916638 0.7595555555555555 0.0251082251082251 0.020170940170940014
0 0.5563621563621564 0.5111794871794871 0.03312983312983303 0.024820512820512865
0 0.18134458134458137 0.6387692307692308 0.03213823213823216 0.025777777777777653
0 0.6208014208014208 0.6544957264957265 0.03312243312243313 0.02379487179487184
0 0.26894956894956895 0.879008547008547 0.0641580641580641 0.03514529914529913
0 0.16436156436156438 0.2916239316239317 0.03512783512783514 0.02495726495726488
0 0.29160469160469166 0.9743589743589743 0.038139638139638055 0.02721367521367518
0 0.5193695193695194 0.642940170940171 0.03513523513523516 0.025982905982905907
0 0.22385762385762387 0.37258119658119654 0.03612683612683614 0.025025641025641
0 0.5598845598845599 0.16902564102564105 0.03412143412143413 0.02386324786324785
0 0.7262700262700263 0.8103589743589743 0.02812002812002824 0.022427350427350553
0 0.17266067266067264 0.4039316239316239 0.04115144115144119 0.029470085470085484
0 0.6327080327080328 0.15965811965811966 0.03312243312243313 0.02379487179487178
0 0.743045843045843 0.9211965811965813 0.032116032116032235 0.022700854700854575
0 0.853960853960854 0.9323760683760683 0.039116439116439125 0.024205128205128112
0 0.11714581714581714 0.3211965811965812 0.03312983312983312 0.024820512820512865
0 0.7729788729788729 0.15695726495726495 0.025115625115625113 0.021196581196581216
0 0.7941909941909941 0.12150427350427351 0.031117031117031235 0.02263247863247863
0 0.6719021719021719 0.12543589743589745 0.030118030118030235 0.022564102564102566
0 0.4903799903799904 0.5 0.03914603914603918 0.028307692307692332
0 0.311007511007511 0.8265299145299145 0.037140637140637055 0.027145299145299177
0 0.592130092130092 0.8324444444444444 0.03816923816923833 0.03131623931623929
0 0.7572464572464572 0.8135042735042735 0.03312983312983303 0.024820512820512865
0 0.30843230843230846 0.8155897435897437 0.035142635142635055 0.027008547008547164
0 0.10033300033300034 0.4128205128205128 0.022118622118622117 0.02099145299145302
0 0.320927220927221 0.05630769230769231 0.02812002812002801 0.02242735042735042
0 0.5207052207052207 0.6896752136752138 0.03512043512043513 0.023931623931624086
0 0.20034410034410033 0.5042393162393163 0.03213823213823216 0.02577777777777777
0 0.43584933584933583 0.34608547008547 0.04217264217264212 0.03261538461538457
0 0.8074814074814075 0.5104273504273504 0.0441558441558442 0.030700854700854763
0 0.21535871535871537 0.6477606837606837 0.03512783512783514 0.024957264957265114
0 0.7472564472564472 0.6052307692307692 0.034143634143634284 0.026940170940170923
0 0.9038665038665038 0.9296410256410256 0.03312983312983303 0.024820512820512865
0 0.22127132127132126 0.36010256410256414 0.03513523513523516 0.025982905982905907
0 0.33848373848373847 0.20615384615384616 0.03312983312983303 0.02482051282051281
0 0.05845635845635845 0.35203418803418807 0.037118437118437125 0.0240683760683761
0 0.1375920375920376 0.2487863247863248 0.03312983312983315 0.02482051282051281
0 0.6553039553039552 0.5235897435897436 0.059200059200059066 0.03993162393162399
0 0.6223369223369224 0.9365128205128204 0.029126429126429137 0.023521367521367582
0 0.08502978502978503 0.5060854700854701 0.027121027121027125 0.022358974358974312
0 0.7194324194324195 0.6238290598290599 0.030118030118030235 0.022564102564102566
0 0.25288045288045286 0.7277264957264957 0.03512783512783514 0.024957264957265114
0 0.4412957412957413 0.8241709401709401 0.04720464720464718 0.03808547008546996
0 0.39365819365819366 0.24170940170940172 0.03212343212343213 0.023726495726495718
0 0.10214230214230213 0.7327863247863248 0.0251082251082251 0.020170940170940014
0 0.5435749435749435 0.3303931623931624 0.05017205017205012 0.03418803418803411
0 0.6142191142191141 0.5033504273504273 0.036141636141636284 0.02707692307692317
0 0.2172975172975173 0.9856752136752136 0.03514263514263517 0.027008547008547164
0 0.7445961445961446 0.7208888888888889 0.04015244015244008 0.02940170940170948
0 0.6781736781736781 0.1643076923076923 0.026114626114626113 0.02126495726495728
0 0.08612868612868613 0.52 0.029119029119029124 0.022495726495726558
0 0.006341806341806342 0.3945982905982906 0.007192807192807192 0.0281709401709402
0 0.7260998260998262 0.8559658119658119 0.03715543715543708 0.029196581196581226
0 0.22834572834572836 0.9254358974358974 0.03515743515743514 0.029059829059829217
0 0.19615569615569614 0.5464957264957265 0.041151441151441134 0.029470085470085484
0 0.5714285714285714 0.9386666666666668 0.03312243312243313 0.023794871794871608
0 0.694057794057794 0.8435213675213676 0.02911162911162911 0.021470085470085533
0 0.4794908794908795 0.16711111111111113 0.029119029119029124 0.0224957264957265
0 0.10058090058090058 0.9315555555555556 0.026122026122026125 0.022290598290598308
0 0.7347393347393347 0.6694700854700855 0.03913123913123915 0.026256410256410165
0 0.05099345099345099 0.7016068376068375 0.017168017168017174 0.026803418803418678
0 0.08353128353128354 0.851965811965812 0.025145225145225165 0.025299145299145145
0 0.10294520294520296 0.35969230769230776 0.03513523513523516 0.025982905982905907
0 0.7193177193177194 0.12355555555555556 0.017108817108817096 0.01859829059829059
0 0.6594849594849594 0.48030769230769227 0.03714803714803718 0.0281709401709402
0 0.04156584156584157 0.5020854700854701 0.027113627113627112 0.021333333333333288
0 0.271025271025271 0.12875213675213676 0.028127428127428137 0.02345299145299146
0 0.6815036815036816 0.9718290598290598 0.07519147519147518 0.04205128205128205
0 0.054900654900654905 0.3435897435897436 0.03614163614163614 0.027076923076923054
0 0.29681059681059685 0.9957606837606837 0.03312983312983303 0.008478632478632463
0 0.7423539423539424 0.6177094017094017 0.04915084915084897 0.031042735042735026
0 0.738972138972139 0.9101538461538461 0.02911902911902901 0.022495726495726558
0 0.7242535242535242 0.876854700854701 0.050135050135050166 0.029059829059829217
0 0.5480408480408481 0.6033846153846153 0.03615643615643608 0.02912820512820522
0 0.3553372553372553 0.32776068376068374 0.057202057202057184 0.03979487179487175
0 0.7882598882598882 0.9601709401709403 0.09220409220409222 0.04731623931623919
0 0.06113146113146113 0.7228034188034188 0.023102823102823116 0.019008547008546976
0 0.6141747141747141 0.9805641025641025 0.07318607318607327 0.038871794871794964
0 0.1413068413068413 0.9712478632478633 0.0301920301920302 0.03282051282051282
0 0.21426721426721426 0.6348717948717949 0.039138639138639165 0.02728205128205119
0 0.5054501054501054 0.582017094017094 0.05117845117845125 0.03528205128205138
0 0.5588559588559588 0.8568205128205127 0.04616864616864622 0.03288888888888883
0 0.16395456395456393 0.30441025641025643 0.06418026418026415 0.038222222222222206