0 0.7924290059555761 0.4454517505787037 0.014727909413899782 0.011382378472222232
0 0.7554200853717761 0.44998914930555556 0.018168340873654747 0.010930266203703742
0 0.7274544385655498 0.45101453993055557 0.016982337755284793 0.020193142361111138
0 0.6836362242159344 0.45122974537037036 0.038274160979475086 0.01553457754629628
0 0.6314648672136595 0.4549497251157407 0.04455691025739335 0.019017650462962887
0 0.5772077805894231 0.459423828125 0.03966464739411594 0.016037326388888884
0 0.5232804232804233 0.4646267361111111 0.0492651381540271 0.013208912037037002
0 0.4342483960841449 0.46580403645833335 0.04248651688265214 0.018995949074074092
0 0.3599877310022238 0.4699996383101852 0.048656800347621564 0.0171079282407407
0 0.3192086496434322 0.4733561197916667 0.01614906832298143 0.013349971064814836
0 0.29091838560437594 0.47340856481481486 0.019650844771617666 0.015827546296296235
0 0.44194463614753465 0.41129195601851853 0.030309536589729704 0.030584490740740655
0 0.4046724433197863 0.4119267216435185 0.02405745980625208 0.028566261574074048
0 0.3622293791375917 0.41237160011574076 0.02616874984024746 0.030541087962962954
0 0.32040998900902284 0.4159830729166667 0.024727142601538722 0.02759693287037046
0 0.5177823786519439 0.3812065972222222 0.026076732356925553 0.026146556712962954
0 0.4908570406154947 0.3819769965277778 0.026066508192112165 0.025658275462962954
0 0.4869948623571812 0.2533836082175926 0.09084681645068123 0.021943721064814792
0 0.3954297983283491 0.26020146122685184 0.06607366510748162 0.02510127314814814
0 0.24190373948828053 0.2769440827546296 0.030299312424916316 0.030096209490740766
0 0.21912941236612732 0.2771827980324074 0.02066814917056468 0.03145978009259265
0 0.280719781202873 0.30143410011574073 0.028249367379802204 0.03105107060185186
0 0.27872095698182653 0.33098958333333334 0.026097180686552646 0.027123119212962954
0 0.170787005086522 0.3616554542824074 0.04794622089308078 0.01612413194444451
0 0.17752728573984614 0.3857494212962963 0.045916724177593723 0.01805555555555549
0 0.18503693479538888 0.45547960069444443 0.02671063057536487 0.056419994212962954