0 0.5522770349879617 0.934521484375 0.025843962911736126 0.013411458333333348
0 0.5121177193791302 0.9138509114583333 0.01747349008759796 0.009602864583333481
0 0.48991598791045543 0.9093912760416667 0.02795963321551158 0.015462239583333481
0 0.4434301521438451 0.9164713541666667 0.017545207725014136 0.013020833333333481
0 0.41707392039342245 0.911572265625 0.020931304748732123 0.009765625
0 0.3518031863121766 0.8794759114583333 0.019578915014599674 0.011165364583333393
0 0.46879514369140923 0.8905924479166667 0.025101173095640597 0.010937500000000044
0 0.4483786691255571 0.8888997395833333 0.021612622304185217 0.009309895833333304
0 0.43405050970749454 0.8974934895833333 0.01485067363352282 0.016308593750000044
0 0.4267583627887916 0.8956868489583334 0.009256697915065724 0.013118489583333393
0 0.4103683212950156 0.888330078125 0.01953793350750472 0.009212239583333393
0 0.39638082065467956 0.8966959635416667 0.018154807643051055 0.009147135416666785
0 0.392482454792275 0.875537109375 0.018144562266277316 0.008658854166666785
0 0.3605015111930741 0.8659830729166667 0.022345166743507006 0.011295572916666607
0 0.3412222734491061 0.8526367187499999 0.017422263203729266 0.007161458333333481
0 0.34113006505814253 0.8482421874999999 0.018144562266277316 0.008658854166666785
0 0.3178756211259669 0.8430013020833333 0.018124071512729836 0.007682291666666785
0 0.3108933968546694 0.8724283854166666 0.018134316889503576 0.008170572916666785
0 0.294915731776036 0.86826171875 0.020910813995184647 0.0087890625
0 0.2657932482967061 0.863232421875 0.020931304748732123 0.009765625
0 0.2911889759745915 0.838818359375 0.020941550125505862 0.01025390625
0 0.29445981250960507 0.846533203125 0.019599405768147154 0.012141927083333393
0 0.28265457712207365 0.827197265625 0.020951795502279602 0.0107421875
0 0.30170841657701963 0.8298014322916667 0.020239741816505293 0.009733072916666696
0 0.40584242610522003 0.8537272135416667 0.022334921366733266 0.010807291666666607
0 0.43621228420675173 0.8688151041666667 0.02229393985963847 0.008854166666666607
0 0.45468725987398184 0.8767578125 0.018134316889503576 0.008170572916666785
0 0.49484401413861995 0.8808430989583333 0.020931304748732123 0.009765625
0 0.5110470775062753 0.895751953125 0.020910813995184647 0.0087890625
0 0.5405512012704268 0.869580078125 0.01821627990369349 0.012076822916666785
0 0.5335126274268736 0.8963216145833334 0.020311459453921463 0.013151041666666696
0 0.5138952922493725 0.8668619791666667 0.022365657497054485 0.012272135416666607
0 0.4967394088417601 0.8394694010416667 0.020910813995184803 0.0087890625
0 0.499372470672609 0.833251953125 0.018856615952051625 0.009667968750000089
0 0.4918446800881102 0.82021484375 0.0007018083090004144 0.0005208333333333037
0 0.4782798012396906 0.8322591145833333 0.015368065160596247 0.008040364583333348
0 0.4575534040264331 0.8322591145833333 0.01950719737718366 0.0077473958333333925
0 0.4421469187029353 0.8388509114583333 0.01952768813073098 0.008723958333333393
0 0.4382792889708519 0.8520833333333333 0.020951795502279602 0.0107421875
0 0.4209902156651811 0.85126953125 0.0195584242610522 0.010188802083333393
0 0.3838327954510527 0.8419596354166666 0.021622867680958956 0.009798177083333304
0 0.35906971978894525 0.8471354166666667 0.01954817888427846 0.009700520833333393
0 0.34507965780441574 0.838916015625 0.01953793350750472 0.009212239583333393
0 0.3483786691255571 0.8315104166666667 0.02303672967573384 0.011328124999999911
0 0.35126530403155576 0.8209147135416667 0.020890323241637167 0.0078125
0 0.326684083807182 0.8182942708333334 0.018866861328825365 0.010156250000000089
0 0.3044874750268941 0.8140787760416667 0.020229496439731553 0.009244791666666696
0 0.2877157932482967 0.8049967447916666 0.018134316889503576 0.008170572916666785
0 0.3084165770196199 0.8037760416666666 0.019609651144920894 0.012630208333333393
0 0.28773372265765074 0.7893880208333334 0.021612622304185217 0.009309895833333304
0 0.3144357358741868 0.7943033854166667 0.020219251062957813 0.008756510416666696
0 0.3530992264740536 0.8095377604166667 0.01746324471082422 0.009114583333333481
0 0.35773013677577997 0.799755859375 0.020219251062957813 0.008756510416666696
0 0.37721684339941597 0.8065266927083333 0.02159213155063774 0.008333333333333304
0 0.3793043389170637 0.8236979166666667 0.01952768813073098 0.008723958333333393
0 0.41775011526048866 0.8120930989583333 0.018846370575277886 0.009179687500000089
0 0.4251293478817683 0.8180501302083334 0.023005993545412624 0.009863281249999911
0 0.41866195379335075 0.8226236979166667 0.020239741816505293 0.009733072916666696
0 0.3660442600276625 0.8338053385416666 0.016090364223144294 0.009537760416666874
0 0.45728702423031603 0.8195638020833333 0.02232467598995953 0.010319010416666607
0 0.5499795092464524 0.8414876302083334 0.014138619947748508 0.015299479166666519
0 0.530011269914451 0.8446940104166667 0.012002458890425576 0.012272135416666607
0 0.4688771067055991 0.861572265625 0.02233492136673311 0.010807291666666607
0 0.5919753086419753 0.8344401041666667 0.02232467598995953 0.010319010416666607
0 0.560660314533067 0.8236979166666667 0.014138619947748508 0.015299479166666519
0 0.5266456636442806 0.8159993489583334 0.02026023257005277 0.010709635416666696
0 0.5027457609753598 0.8129231770833334 0.02168433994160139 0.012727864583333304
0 0.4822729368372522 0.808544921875 0.0195584242610522 0.010188802083333393
0 0.4370754571999385 0.7947102864583333 0.02232467598995953 0.010319010416666607
0 0.41494544336867983 0.7936686197916667 0.020941550125505862 0.01025390625
0 0.40641872854874234 0.798876953125 0.01747349008759796 0.009602864583333481
0 0.3736437682495774 0.7844075520833333 0.016069873469596818 0.008561197916666652
0 0.3163541826750679 0.7704915364583333 0.06469443163772347 0.02109374999999991
0 0.33260591158239844 0.8041829427083333 0.017442753957276742 0.00813802083333326
0 0.33242661748885816 0.7956380208333333 0.018134316889503576 0.008170572916666785
0 0.47803391219712105 0.8205403645833333 0.01818554377337227 0.010611979166666785
0 0.4518416064750781 0.7576009114583333 0.0014036166180011432 0.0010416666666666075
0 0.4355873162235541 0.806103515625 0.01746324471082422 0.009114583333333481
0 0.727618974437785 0.450341796875 0.05089390912350803 0.021907552083333393
0 0.6855079145535576 0.4354329427083333 0.020951795502279602 0.0107421875
0 0.6870677731673582 0.4274576822916667 0.027908406331642883 0.01302083333333326
0 0.6878541058347422 0.41554361979166665 0.025925925925926036 0.017317708333333348
0 0.6978792070078377 0.39943033854166665 0.02169458531837513 0.013216145833333304
0 0.7041263254956202 0.3843587239583333 0.033502382050099824 0.016210937500000022
0 0.7076584191383638 0.37159830729166665 0.028620460017417197 0.014029947916666674
0 0.7080016392602838 0.35502929687499996 0.02715537113877362 0.010058593749999956
0 0.724729778187593 0.3455729166666667 0.04120178269555848 0.020963541666666696
0 0.7624763075662107 0.35003255208333334 0.04260539931355993 0.022005208333333304
0 0.7534117104656524 0.32960611979166665 0.018134316889503576 0.008170572916666674
0 0.8042876901798064 0.3341959635416667 0.030003585881870704 0.014095052083333393
0 0.7387326468930895 0.30501302083333337 0.015450028174786159 0.011946614583333348
0 0.7775933609958506 0.31318359375 0.013974693919368685 0.00748697916666663
0 0.6024588904256954 0.4615234375 0.018154807643051055 0.009147135416666563
0 0.6056656933558732 0.44972330729166665 0.020270477946826508 0.011197916666666696
0 0.6182393320014343 0.40690104166666663 0.016090364223144294 0.009537760416666652
0 0.6207750627529327 0.39604492187499996 0.02232467598995953 0.010319010416666607
0 0.6287049843758005 0.378857421875 0.021633113057732696 0.010286458333333304
0 0.6312253470621382 0.36726888020833337 0.021633113057732696 0.010286458333333304
0 0.6544464935197992 0.3544596354166667 0.026494544336868 0.011490885416666652
0 0.6408150197223502 0.33040364583333337 0.019568669637825938 0.010677083333333393
0 0.6440115772757543 0.318115234375 0.019609651144920894 0.012630208333333393
0 0.6103811280159828 0.3287272135416667 0.019578915014599674 0.011165364583333393
0 0.6063367655345525 0.35 0.01954817888427846 0.009700520833333393
0 0.575826033502382 0.34466145833333334 0.018866861328825365 0.010156249999999978
0 0.5706265047897137 0.3602701822916667 0.01818554377337227 0.010611979166666674
0 0.5531683827672763 0.3513997395833333 0.018846370575277886 0.009179687499999978
0 0.539759745914656 0.35442708333333334 0.01821627990369349 0.012076822916666674
0 0.5032016802417908 0.34075520833333334 0.021663849188053756 0.011751302083333304
0 0.4648686030428769 0.3248046875 0.02021925106295797 0.008756510416666696
0 0.42287024230316067 0.31526692708333337 0.020219251062957813 0.008756510416666696
0 0.49593258542082885 0.2906575520833333 0.01881563444495667 0.007714843749999978
0 0.5173812816966344 0.2921549479166667 0.020910813995184647 0.0087890625
0 0.5352569028226013 0.30445963541666665 0.0230264842989601 0.010839843750000022
0 0.5387685057117976 0.29072265625 0.023728292607960673 0.011360677083333326
0 0.570516366989396 0.30563151041666664 0.020951795502279602 0.0107421875
0 0.5311049638850469 0.32060546874999996 0.027186107269094834 0.011523437499999956
0 0.530359612724758 0.33447265625 0.022334921366733266 0.010807291666666607
0 0.5130090671584447 0.3636555989583333 0.02230418523641205 0.009342447916666607
0 0.547792121305261 0.375048828125 0.018124071512729996 0.007682291666666674
0 0.5668715742021413 0.3788736979166667 0.01954817888427846 0.009700520833333393
0 0.5605476153885559 0.390283203125 0.02301623892218636 0.010351562499999911
0 0.5560652630500487 0.4071451822916667 0.02374878336150815 0.012337239583333326
0 0.5864786640028687 0.4078450520833333 0.01954817888427846 0.009700520833333393
0 0.5770606014036166 0.43642578125 0.02026023257005277 0.010709635416666696
0 0.5672327237334153 0.44547526041666663 0.020239741816505293 0.009733072916666696
0 0.526476614927514 0.445751953125 0.017504226217919177 0.01106770833333337
0 0.49854771784232366 0.4317545572916667 0.02231443061318579 0.009830729166666607
0 0.4633061830848829 0.4149739583333333 0.02228369448286457 0.008365885416666607
0 0.43300291993238055 0.40305989583333335 0.020921059371958386 0.00927734375
0 0.42875364991547565 0.41456705729166665 0.018856615952051625 0.009667968749999978
0 0.40499974386558063 0.4019856770833333 0.019517442753957243 0.008235677083333393
0 0.42006813175554536 0.3792805989583333 0.018856615952051785 0.009667968749999978
0 0.4526381845192357 0.383984375 0.016233799497976483 0.016373697916666652
0 0.47651247374622197 0.38583984375 0.014128374570974926 0.01481119791666674
0 0.4672301623892219 0.37150065104166663 0.0174837354643717 0.01009114583333326
0 0.4426028379693663 0.36668294270833335 0.016802417908918447 0.010546874999999956
0 0.4298370985092977 0.3509602864583333 0.019568669637825938 0.010677083333333393
0 0.4089390912350802 0.3592447916666667 0.020962040879053342 0.01123046875
0 0.3773756467394089 0.353125 0.02232467598995953 0.010319010416666607
0 0.43523641206905384 0.27902018229166664 0.020992777009374557 0.0126953125
0 0.44797909943138164 0.27718098958333337 0.02023974181650545 0.009733072916666696
0 0.41055786076532963 0.2717610677083333 0.018154807643051055 0.009147135416666563
0 0.40082731417447875 0.28544921875 0.018144562266277316 0.008658854166666674
0 0.36892064955688747 0.2958984375 0.022345166743507006 0.011295572916666607
0 0.37394856820859584 0.2556477864583333 0.018866861328825365 0.010156250000000089
0 0.3974873213462425 0.25797526041666663 0.01882587982173041 0.008203125000000089
0 0.3506480200809385 0.34698893229166666 0.013984939296142581 0.00797526041666663
0 0.3482941447671738 0.4159016927083333 0.018165053019824795 0.009635416666666674
0 0.3249551764766149 0.423095703125 0.016751191025049912 0.008105468749999956
0 0.3264330720762256 0.4112141927083333 0.018144562266277316 0.008658854166666674
0 0.6524537677373086 0.5887532552083333 0.02931202294964387 0.014062500000000089
0 0.659955944879873 0.5676432291666667 0.028579478510322238 0.012076822916666785
0 0.6753598688591773 0.5444661458333333 0.016069873469596818 0.008561197916666652
0 0.6640156754264639 0.5141764322916667 0.030003585881870704 0.014095052083333393
0 0.6111367245530455 0.5458333333333334 0.05849085600122945 0.021777343750000178
0 0.5780492802622816 0.5164713541666667 0.02651503509041548 0.012467447916666652
0 0.5440192613083347 0.5080403645833333 0.02653552584396296 0.013444010416666652
0 0.5107217867937093 0.5015950520833333 0.02654577122073654 0.013932291666666652
0 0.479158342298038 0.4954752604166667 0.023738537984734253 0.011848958333333215
0 0.46052456329081504 0.47996419270833335 0.0007018083090005716 0.0005208333333333037
0 0.6577070846780391 0.7897298177083334 0.027216843399415894 0.012988281250000178
0 0.6465524307156396 0.7684733072916667 0.023820500998924167 0.015755208333333215
0 0.6563265201577788 0.7403971354166667 0.02517289073305677 0.014355468749999822
0 0.6633343578710108 0.7121907552083333 0.02520362686337783 0.015820312500000044
0 0.5943727268070284 0.7840657552083334 0.023718047231186933 0.010872395833333215
0 0.553765175964346 0.75849609375 0.017452999334050482 0.008626302083333481
0 0.5577403821525536 0.750390625 0.020219251062957813 0.008756510416666696
0 0.4718790021003023 0.7412272135416667 0.015511500435428592 0.014876302083333348
0 0.4901234567901235 0.7381835937500001 0.01747349008759796 0.009602864583333481
0 0.5075559653706264 0.7458333333333333 0.018134316889503576 0.008170572916666785
0 0.517130269965678 0.741162109375 0.0195584242610522 0.010188802083333393
0 0.5358818708057989 0.7293619791666667 0.02232467598995953 0.010319010416666607
0 0.5800266379796117 0.7424153645833333 0.020270477946826508 0.011197916666666696
0 0.5661082936324984 0.7376139322916666 0.016069873469596818 0.008561197916666874
0 0.5713129450335537 0.7222493489583333 0.014107883817427449 0.013834635416666519
0 0.5901516315762512 0.714599609375 0.018856615952051625 0.009667968750000089
0 0.5931176681522463 0.6913248697916667 0.012012704267199473 0.012760416666666607
0 0.5888888888888889 0.70380859375 0.0209927770093744 0.0126953125
0 0.5541186414630398 0.7094889322916667 0.013395830131653139 0.012825520833333215
0 0.5551124430100917 0.72392578125 0.01674094564827633 0.007617187500000178
0 0.508908355104759 0.7115071614583334 0.016090364223144294 0.009537760416666652
0 0.5076865939244916 0.7026692708333333 0.015368065160596247 0.008040364583333348
0 0.5098458070795553 0.69033203125 0.022345166743507006 0.011295572916666607
0 0.5264048972900979 0.7057454427083334 0.018866861328825365 0.010156250000000089
0 0.5524768198350495 0.6806315104166667 0.01747349008759796 0.009602864583333481
0 0.5241278623021361 0.679541015625 0.02026023257005277 0.010709635416666696
0 0.5170636750166487 0.6721354166666667 0.01470723835869063 0.009472656250000044
0 0.49416525792736027 0.6673990885416667 0.016740945648276172 0.007617187500000178
0 0.4806516059628093 0.681884765625 0.01818554377337227 0.010611979166666563
0 0.4762256031965576 0.7014322916666667 0.018887352082372844 0.011132812500000089
0 0.4762076737872035 0.717041015625 0.01817529839659853 0.010123697916666563
0 0.4564725167768045 0.714892578125 0.015388555914143724 0.009016927083333348
0 0.430774550484094 0.72490234375 0.017493980841145437 0.010579427083333481
0 0.4465703601249936 0.736865234375 0.018144562266277316 0.008658854166666785
0 0.4463372778033912 0.7422200520833333 0.020910813995184803 0.0087890625
0 0.4476102658675273 0.7534993489583334 0.016080118846370558 0.009049479166666652
0 0.47986015060703857 0.7594075520833333 0.021612622304185217 0.009309895833333304
0 0.5167127708621485 0.7706542968750001 0.017442753957276742 0.008138020833333481
0 0.4327980123969059 0.7554850260416667 0.020931304748732123 0.009765625
0 0.40669535372163307 0.71328125 0.019599405768147154 0.012141927083333393
0 0.3937759336099585 0.690234375 0.020931304748732123 0.009765625
0 0.4259182418933456 0.6910156249999999 0.0230264842989601 0.010839843749999911
0 0.4574663183238564 0.6634765625 0.021622867680959112 0.009798177083333304
0 0.4517826955586292 0.6724772135416667 0.01749398084114528 0.01057942708333326
0 0.46415398801290914 0.6694010416666667 0.018877106705599105 0.010644531250000089
0 0.4214589416525793 0.6595865885416666 0.02160237692741148 0.008821614583333304
0 0.4255391629527176 0.67294921875 0.02169458531837513 0.013216145833333304
0 0.4082961938425285 0.6743326822916667 0.023077711182828795 0.013281249999999911
0 0.3832974745146253 0.7012044270833333 0.020239741816505293 0.009733072916666696
0 0.3817811587521131 0.6947916666666667 0.024440346293734982 0.012369791666666519
0 0.40612673531069104 0.6861816406250001 0.018856615952051625 0.009667968750000089
0 0.393281594180626 0.6831380208333333 0.020239741816505293 0.009733072916666696
0 0.3684647302904564 0.669287109375 0.022345166743507006 0.011295572916666607
0 0.372534706213821 0.6492350260416667 0.020982531632600818 0.01220703125
0 0.38766456636442803 0.6623860677083333 0.020962040879053342 0.01123046875
0 0.33020593207315196 0.6404134114583333 0.016761436401823652 0.008593749999999956
0 0.33060037907894063 0.6592122395833333 0.021581886173864 0.007845052083333304
0 0.34834281030684905 0.6651692708333333 0.01469699298191689 0.008984375000000044
0 0.34694175503304137 0.680712890625 0.018877106705599105 0.010644531250000089
0 0.3276394651913324 0.6827311197916667 0.020280723323600248 0.011686197916666696
0 0.3270477946826495 0.67099609375 0.02179703908611236 0.018098958333333304
0 0.353995696941755 0.7205566406249999 0.018897597459146584 0.011621093750000089
0 0.38469852978843294 0.7185872395833334 0.02166384918805391 0.011751302083333304
0 0.3697863838942677 0.7322753906249999 0.02304697505250758 0.011816406249999911
0 0.39406792684800984 0.7370768229166667 0.02166384918805391 0.011751302083333304
0 0.41869525126786544 0.74189453125 0.02167409456482765 0.012239583333333304
0 0.3297372060857538 0.7333170572916667 0.0661492751395933 0.02457682291666652
0 0.31291685876748115 0.7054524739583333 0.020290968700373987 0.012174479166666696
0 0.3392628451411301 0.70986328125 0.019599405768147154 0.012141927083333393
0 0.341055786076533 0.696533203125 0.018866861328825365 0.010156250000000089
0 0.342310844731315 0.6904947916666666 0.023687311100865714 0.009407552083333215
0 0.4338302341068592 0.623583984375 0.023810255622150583 0.015266927083333215
0 0.39170380615747147 0.6079427083333333 0.01542953742123868 0.010970052083333348
0 0.40697197889452386 0.5947591145833333 0.023759028738281732 0.012825520833333215
0 0.44860406741457914 0.6033040364583333 0.02651503509041548 0.012467447916666652
0 0.36949951334460324 0.5868977864583333 0.02375902873828189 0.012825520833333215
0 0.20297884329696225 0.832958984375 0.016771681778597388 0.009082031250000178
0 0.20958198862763178 0.8183919270833333 0.023728292607960673 0.011360677083333215
0 0.21863121766302956 0.8051595052083333 0.01954817888427846 0.009700520833333393
0 0.16736079094308692 0.814697265625 0.02097228625582708 0.01171875
0 0.18660673121254032 0.8099934895833334 0.020239741816505293 0.009733072916666696
0 0.1700040981507095 0.8089680989583334 0.018124071512729878 0.007682291666666785
0 0.16426412581322677 0.7823567708333334 0.013426566261974276 0.014290364583333215
0 0.17768300804262077 0.7798177083333333 0.01747349008759796 0.009602864583333481
0 0.19635520721274524 0.7806966145833334 0.018856615952051625 0.009667968750000089
0 0.1912171507607192 0.7992350260416667 0.018154807643051055 0.009147135416666785
0 0.17021156703037754 0.802392578125 0.01953793350750472 0.009212239583333393
0 0.07264228266994519 0.8114583333333334 0.020229496439731553 0.009244791666666696
0 0.04940832949131704 0.8071940104166666 0.01954817888427848 0.009700520833333393
0 0.1235208237282926 0.700927734375 0.02507043696531938 0.009472656250000044
0 0.18611239178320782 0.7370442708333333 0.02301623892218636 0.010351562499999911
0 0.22555965370626505 0.7567057291666667 0.02448132780082986 0.01432291666666674
0 0.23067209671635674 0.7369466145833333 0.020951795502279602 0.0107421875
0 0.239132216587265 0.728564453125 0.018856615952051625 0.009667968750000089
0 0.22894575072998308 0.7205240885416666 0.013416320885200537 0.013802083333333215
0 0.21787818247016036 0.70341796875 0.020219251062957813 0.008756510416666696
0 0.21314737974489012 0.72490234375 0.016751191025049912 0.008105468750000178
0 0.20953844577634342 0.7340006510416667 0.017524716971466656 0.01204427083333326
0 0.1925131909225962 0.729296875 0.016771681778597388 0.009082031250000178
0 0.19267455560678245 0.7205240885416666 0.018856615952051625 0.009667968750000089
0 0.1821166948414528 0.7112467447916666 0.011372368218841257 0.015169270833333304
0 0.19757440704881923 0.7070963541666666 0.02160237692741148 0.008821614583333304
0 0.08503662722196609 0.69423828125 0.029952358998002165 0.011653645833333393
0 0.05171866195379335 0.68681640625 0.027196352645868553 0.012011718750000178
0 0.08996721479432405 0.682275390625 0.030725884944418833 0.015592447916666696
0 0.017652784181138262 0.6766764322916667 0.007151272988064137 0.011555989583333481
0 0.06959940576814712 0.7652180989583333 0.025090927718866857 0.010449218749999822
0 0.14305107320321706 0.6274576822916667 0.0285692331335485 0.011588541666666785
0 0.24145535577070842 0.69111328125 0.03620716151836487 0.013411458333333348
0 0.2210004610419548 0.6711263020833333 0.05078120997899698 0.016536458333333393
0 0.2184647302904564 0.681982421875 0.05152399979509243 0.019010416666666696
0 0.2433046462783669 0.68046875 0.04034629373495213 0.013118489583333393
0 0.25197223502894317 0.599658203125 0.059161928179908806 0.02083333333333348
0 0.24395522770349878 0.5797688802083334 0.019496952000409764 0.0072591145833333925
0 0.26900773525946414 0.571923828125 0.016182572614107868 0.013932291666666652
0 0.27382050099892424 0.5543457031250001 0.01337533937810566 0.011848958333333215
0 0.2783284667793658 0.5387044270833333 0.014107883817427449 0.01383463541666674
0 0.26348803852261665 0.5887369791666666 0.013467547769069232 0.016243489583333215
0 0.25389580451821114 0.5431640625 0.016935607806977056 0.016894531250000178
0 0.1698248040571692 0.5699381510416667 0.01616208186056039 0.012955729166666652
0 0.14994108908355105 0.5607096354166667 0.018113826135956138 0.007194010416666785
0 0.16436145689257725 0.5235839843750001 0.014118129194201108 0.014322916666666519
0 0.17183545924901386 0.5505208333333333 0.01423082833871216 0.01969401041666674
0 0.1780620869832488 0.53447265625 0.01265304031555761 0.010351562499999911
0 0.18358690640848316 0.5179036458333333 0.018287997541109585 0.015494791666666785
0 0.1411992213513652 0.48981119791666666 0.0285794785103222 0.012076822916666674
0 0.23625070436965317 0.5089192708333333 0.03281081911787307 0.016178385416666607
0 0.10732800573741098 0.620654296875 0.026484298960094264 0.011002604166666652
0 0.11340863685262025 0.6141113281249999 0.029250550689001596 0.011132812500000089
0 0.0726269146047846 0.6131673177083334 0.028548742380001022 0.010611979166666785
0 0.02778290046616464 0.6161783854166667 0.018195789150146 0.011100260416666785
0 0.2566569335587316 0.24671223958333333 0.020249987193279032 0.010221354166666696
0 0.26675631371343683 0.28352864583333337 0.01483018287997542 0.015332031250000044
0 0.2524665744582757 0.277490234375 0.02374878336150815 0.012337239583333326
0 0.24659597356692792 0.2611165364583333 0.02229393985963831 0.008854166666666607
0 0.24821730444137083 0.2560709635416667 0.02160237692741148 0.008821614583333304
0 0.2717201987603094 0.256689453125 0.017504226217919177 0.01106770833333326
0 0.2928820244864505 0.24451497395833333 0.020270477946826508 0.011197916666666696
0 0.25888274166282466 0.237548828125 0.022355412120280745 0.011783854166666663
0 0.23493673479842223 0.232275390625 0.01746324471082422 0.009114583333333315
0 0.1995235899800215 0.28963216145833337 0.016792172532144867 0.010058593749999956
0 0.217225039700835 0.29363606770833334 0.024491573177603677 0.01481119791666663
0 0.2381281696634394 0.285595703125 0.018154807643051055 0.009147135416666674
0 0.21921008145074533 0.272998046875 0.011310895958198902 0.012239583333333304
0 0.1955535064802008 0.26505533854166663 0.019578915014599674 0.011165364583333393
0 0.1762230418523641 0.2821940104166667 0.01818554377337227 0.010611979166666563
0 0.17602325700527638 0.2726725260416667 0.021633113057732696 0.010286458333333304
0 0.1558014445981251 0.28025716145833335 0.017442753957276784 0.00813802083333326
0 0.13844065365503816 0.276025390625 0.016781927155371128 0.009570312499999956
0 0.11762717073920394 0.271875 0.018124071512729916 0.007682291666666674
0 0.08049536396700989 0.2637858072916667 0.0174837354643717 0.01009114583333337
0 0.09961067568259822 0.2693196614583333 0.020270477946826508 0.011197916666666696
0 0.11877465293786178 0.2607096354166667 0.018134316889503614 0.008170572916666563
0 0.1588955483837918 0.2630859375 0.014860919010296637 0.016796875000000044
0 0.13381998873008555 0.253369140625 0.02374878336150811 0.012337239583333326
0 0.13188617386404386 0.24352213541666667 0.02166384918805391 0.011751302083333304
0 0.13028277239895497 0.232958984375 0.020941550125505862 0.01025390625
0 0.13800010245376773 0.22210286458333334 0.020219251062957813 0.008756510416666696
0 0.1523410685927975 0.23058268229166667 0.017504226217919177 0.01106770833333337
0 0.18718047231186927 0.24466145833333333 0.019589160391373414 0.011653645833333337
0 0.18810255622150504 0.25568033854166666 0.025111418472414337 0.011425781250000044
0 0.21099328927821323 0.24358723958333334 0.020951795502279602 0.0107421875
0 0.19834537165104243 0.23347981770833331 0.020280723323600248 0.011686197916666696
0 0.19748988269043594 0.225634765625 0.02373853798473441 0.011848958333333326
0 0.1742251933814866 0.21990559895833334 0.020931304748732123 0.009765625
0 0.1416448952410225 0.21471354166666667 0.02579273602786743 0.010970052083333348
0 0.11490190051739153 0.20784505208333331 0.026515035090415442 0.012467447916666652
0 0.0887095947953486 0.24368489583333333 0.020321704830695165 0.01363932291666664
0 0.09511295527893038 0.21959635416666667 0.021674094564827613 0.012239583333333304
0 0.2532426617488858 0.3309407552083333 0.02928128681932281 0.012597656249999978
0 0.2584678039034885 0.3494791666666667 0.02653552584396296 0.013444010416666652
0 0.20890323241637213 0.34153645833333335 0.025874699042057265 0.014876302083333348
0 0.19044618615849596 0.3179850260416667 0.0335023820500999 0.016210937500000022
0 0.15233082321602376 0.32887369791666665 0.023728292607960673 0.011360677083333326
0 0.13421955842426106 0.30533854166666663 0.03000358588187078 0.014095052083333393
0 0.09021566518108705 0.3154622395833333 0.024440346293734982 0.01236979166666674
0 0.077027303929102 0.29606119791666663 0.032129501562419956 0.016634114583333304
0 0.1323216023769274 0.7910970052083334 0.020280723323600248 0.011686197916666696
0 0.09590697197889453 0.7842610677083333 0.029942113621228426 0.011165364583333393
0 0.06052456329081502 0.7772298177083333 0.020910813995184664 0.0087890625
0 0.026840325802981405 0.7688151041666667 0.021653603811280165 0.011263020833333304
0 0.21650274063828698 0.45677083333333335 0.02928128681932281 0.012597656249999978
0 0.1589339685466933 0.44601236979166664 0.03136622099277701 0.01318359375
0 0.10098355617027815 0.43352864583333334 0.032057783925003844 0.013216145833333304
0 0.0413093591516828 0.42120768229166666 0.028548742380001022 0.010611979166666674
0 0.2194175503304134 0.4310546875 0.01954817888427846 0.009700520833333393
0 0.19922391270938988 0.42351888020833334 0.020931304748732123 0.009765625
0 0.16277342349264895 0.41497395833333334 0.01883612519850415 0.008691406249999978
0 0.14440602428154295 0.412158203125 0.015368065160596285 0.008040364583333348
0 0.12152809794580197 0.40839843750000004 0.019578915014599674 0.011165364583333393
0 0.10380103478305416 0.403173828125 0.018154807643051055 0.009147135416666674
0 0.0819450847804928 0.39873046875 0.0230264842989601 0.010839843750000022
0 0.05977921213052611 0.39597981770833335 0.02026023257005277 0.010709635416666696
0 0.0451846729163465 0.3918782552083333 0.015347574407048826 0.007063802083333348
0 0.15877260386250705 0.38893229166666665 0.01746324471082422 0.00911458333333326
0 0.1578915014599662 0.37986653645833335 0.018877106705599105 0.010644531249999978
0 0.12875364991547564 0.3741048177083333 0.013426566261974276 0.014290364583333326
0 0.1008068234209313 0.37571614583333335 0.018856615952051625 0.009667968749999978
0 0.08340761231494288 0.3861165364583333 0.02021925106295785 0.008756510416666696
0 0.05509195225654424 0.3701497395833333 0.021633113057732696 0.010286458333333304
0 0.05980738691665386 0.3479329427083333 0.021612622304185237 0.009309895833333304
0 0.08059269504636032 0.33427734375 0.020951795502279602 0.0107421875
0 0.10416218431432815 0.3380696614583333 0.01953793350750472 0.009212239583333393
0 0.14093284155524818 0.34541015625000004 0.01675119102504995 0.008105468749999956
0 0.16278879155780954 0.349853515625 0.018866861328825365 0.010156249999999978
0 0.1999154756416167 0.3576985677083333 0.01746324471082422 0.00911458333333326
0 0.2228395061728395 0.3636555989583333 0.018856615952051625 0.009667968749999978
0 0.22266277342349264 0.3716959635416667 0.016761436401823652 0.008593749999999956
0 0.2111725833717535 0.383837890625 0.018154807643051055 0.009147135416666674
0 0.23496490958454996 0.381787109375 0.020239741816505293 0.009733072916666696
0 0.25755084268223966 0.371630859375 0.018144562266277316 0.008658854166666674
0 0.21673326161569595 0.401904296875 0.020219251062957813 0.008756510416666696
0 0.20690538394549457 0.4109537760416667 0.019568669637825938 0.010677083333333393
0 0.24244915731776037 0.4092122395833333 0.017555453101787796 0.01350911458333326
0 0.18346140054300497 0.3966796875 0.013426566261974276 0.014290364583333326
0 0.14165770196198965 0.3964192708333333 0.0195584242610522 0.010188802083333393
0 0.11495056605706674 0.35833333333333334 0.02301623892218636 0.010351562500000022
0 0.09390912350801701 0.35978190104166663 0.020239741816505293 0.009733072916666696
0 0.09791250448235235 0.369482421875 0.021622867680958956 0.009798177083333304
0 0.151864658572819 0.37250976562500004 0.0174837354643717 0.01009114583333326
0 0.14189078428359203 0.35813802083333335 0.0007018083090005716 0.0005208333333333037
0 0.17601301162850264 0.3709635416666667 0.018144562266277316 0.008658854166666674
0 0.16298345371651043 0.359130859375 0.016059628092823117 0.008072916666666652
0 0.10263306183084882 0.347509765625 0.017452999334050482 0.00862630208333326
0 0.31376978638389424 0.8613444010416667 0.020962040879053342 0.01123046875
0 0.4647661492751396 0.319921875 0.020239741816505293 0.009733072916666696
0 0.48632242200706927 0.35947265625 0.016233799497976483 0.016373697916666652
0 0.47452487065211824 0.3569661458333333 0.012714512576200045 0.013281249999999911
0 0.4606679985656472 0.3550944010416667 0.018369960555299415 0.019401041666666674
0 0.4523538753137647 0.3539713541666667 0.016213308744429007 0.015397135416666652
0 0.49760514317914045 0.3868326822916667 0.02231443061318579 0.009830729166666607
0 0.5177885354233902 0.39388020833333337 0.020249987193279032 0.010221354166666696
0 0.505196967368475 0.41938476562500004 0.022355412120280745 0.011783854166666607
0 0.25848061062445576 0.30069986979166663 0.027918651708416623 0.01350911458333326
0 0.03079504123764151 0.49632161458333335 0.020270477946826487 0.011197916666666696
0 0.01412069053839455 0.49187825520833334 0.007812099789969772 0.010123697916666674
0 0.015455150863172994 0.47316080729166665 0.011259669074330207 0.009798177083333304
0 0.0152912248347933 0.46534830729166665 0.011218687567235285 0.007845052083333304
0 0.01605706674862968 0.5512369791666667 0.009143998770554787 0.0077473958333333925
0 0.5315916192817991 0.37672526041666665 0.01883612519850415 0.008691406249999978
0 0.5010911326264024 0.371875 0.01883612519850415 0.008691406249999978
0 0.5425106295784027 0.3867513020833333 0.01883612519850415 0.008691406250000089
0 0.5861866707648173 0.29514973958333335 0.021612622304185217 0.009309895833333304
0 0.48980328876594437 0.27841796875 0.020229496439731553 0.009244791666666696