0 0.8505866114561766 0.5062120225694444 0.014702349001865999 0.01110387731481488
0 0.8131559440738185 0.5052354600694444 0.018112107967180487 0.0107060185185186
0 0.7856529407254045 0.5071795428240741 0.016818751118268072 0.01992910879629628
0 0.7420749942489073 0.5112575954861112 0.03841218720445771 0.0146484375
0 0.6899700943179204 0.512622974537037 0.04486874728420639 0.01774088541666652
0 0.6350637732280244 0.5135724103009259 0.03914321498862562 0.0151548032407407
0 0.5807657899445339 0.5135271990740741 0.04924980190680686 0.01249638310185186
0 0.4925338036449147 0.5212221498842593 0.04214911944380548 0.01815682870370372
0 0.41842650103519663 0.5241427951388888 0.04884594739667207 0.01589626736111116
0 0.3776883163356593 0.5249656394675926 0.01624619788870987 0.01309317129629628
0 0.34955652685121286 0.527660228587963 0.019211205684635548 0.015606915509259078
0 0.510165375865859 0.5748336226851851 0.030059044551798246 0.03002025462962976
0 0.4733864989903637 0.5775101273148149 0.023725174449812102 0.0283926504629628
0 0.4315338803261509 0.58154296875 0.025918257802315842 0.02991174768518512
0 0.38937453671753186 0.5819137008101852 0.024333512256217635 0.02743417245370372
0 0.5908851570687319 0.5971860532407407 0.02555018786902854 0.02551721643518512
0 0.5643969020780615 0.5988588686342593 0.02550929120977436 0.02502893518518512
0 0.5841653247450349 0.7275300202546297 0.09054009150627503 0.02039930555555558
0 0.4923369884722541 0.7294469762731481 0.06533241315850001 0.02363642939814814
0 0.33762237047261195 0.7278736255787037 0.030018147892544065 0.02953197337962976
0 0.31497073332822123 0.7299352575231481 0.020519898780768358 0.0312319155092593
0 0.37158448994197785 0.6998245804398149 0.028029547836311224 0.03045428240740744
0 0.363934258620249 0.6704191984953703 0.025672877846790766 0.02698206018518512
0 0.2512665184162769 0.6506166811342593 0.04807402295324997 0.014901620370370239
0 0.2533624722030519 0.6260941116898149 0.04551798174986579 0.01727068865740744
0 0.24816348439536842 0.5557635271990741 0.026056284027298465 0.05622468171296302