0 0.4100492811055225 0.7981481481481482 0.0726261240664533 0.02967664930555558
0 0.4549662144998222 0.7822699652777778 0.04704567393181935 0.019777199074074048
0 0.4106081390032007 0.7712926793981482 0.05047502921302648 0.019795283564814747
0 0.34764517604023776 0.7643681278935185 0.023807346441091216 0.023560474537037024
0 0.34398719707361686 0.7423737702546296 0.020418635370624428 0.025495515046296102
0 0.3594091347863638 0.742943431712963 0.020357669054514107 0.022565827546296324
0 0.37595132855763863 0.7391239872685185 0.0244932174973328 0.02356409143518512
0 0.4150535995529137 0.7554452401620371 0.03668648071940248 0.016304976851851727
0 0.4614616674287456 0.7503182870370371 0.0353248996596047 0.016786024305555536
0 0.5173169740385104 0.7691695601851851 0.025885281715185785 0.02454788773148131
0 0.5474114718284814 0.7568757233796296 0.03806838388457041 0.01680049189814814
0 0.5995122694711172 0.7583713107638889 0.02314179749022008 0.02453342013888893
0 0.6225499161713153 0.7555627893518518 0.021739572219681872 0.023061342592592515
0 0.6687522227302748 0.7438422309027777 0.025240054869684468 0.026497395833333215
0 0.6448966112889295 0.7529947916666666 0.02393944012599708 0.029908130787037024
0 0.729383224102017 0.6980143229166667 0.02456434486612811 0.02698206018518512
0 0.6977417060407459 0.7022424768518518 0.02244576538129343 0.024041521990740833
0 0.7554107605547935 0.6998607494212963 0.021841182746532534 0.027944155092592515
0 0.7769293298785754 0.704125072337963 0.02317228064827512 0.02599826388888893
0 0.7913732662703855 0.7022479021990741 0.02110450642686562 0.02549913194444442
0 0.5036630594929635 0.7166015625 0.04016664126403495 0.01876446759259265
0 0.5440125997053294 0.7224301938657407 0.03740283493369911 0.017773437499999822
0 0.5657216887669563 0.7340205439814815 0.035385865975715095 0.019715711805555536
0 0.5797947467357618 0.7170030381944444 0.0353248996596047 0.016786024305555536
0 0.4643905908652136 0.7249403211805556 0.024462734339277446 0.02209924768518512
0 0.4485444292028654 0.7282751012731481 0.023070670121424615 0.02111545138888893
0 0.4310242341106539 0.7296477141203703 0.022405121170553165 0.022088396990740833
0 0.4154905248183711 0.7344491464120371 0.02171925011431174 0.022084780092592737
0 0.3996799268404207 0.7360749421296295 0.025158766448204094 0.022591145833333215
0 0.48166946095615504 0.685720486111111 0.025199410658944203 0.024544270833333215
0 0.500538535792308 0.6689724392361112 0.03669664177208755 0.016793258101851727
0 0.42607326118985933 0.6873806423611111 0.0353248996596047 0.016786024305555536
0 0.4492480821013057 0.677980324074074 0.027063963826652535 0.015277777777777724
0 0.3342046436010771 0.7015462239583334 0.036706802824772615 0.017281539351851727
0 0.3264974851394604 0.6763563368055556 0.034628867550678205 0.01629412615740744
0 0.3210638622161256 0.6572826244212964 0.037423157039069246 0.018749999999999822
0 0.3172534674592288 0.6426124855324074 0.02519941065894428 0.024544270833333215
0 0.3054361631865061 0.6171567563657407 0.026632119087537452 0.027481192129629628
0 0.36572676929329884 0.6206488715277778 0.021114667479550844 0.02598741319444442
0 0.3862343138749174 0.6075719762731482 0.030462835949804316 0.013831018518518423
0 0.3719326322206981 0.6026132089120371 0.03597012650510586 0.014836516203703631
0 0.3832977696489356 0.6168348524305556 0.03120967332215614 0.01676432291666652
0 0.44667479550881467 0.6533058449074074 0.03461870649799314 0.01580584490740744
0 0.4764009551389524 0.6422309027777777 0.0276787075140985 0.011863425925926041
0 0.4814128943758574 0.6486056857638889 0.02978712594624811 0.014315682870370328
0 0.4359752070314485 0.6071017795138889 0.028425544886450167 0.014796730324074137
0 0.4315094243763654 0.5909631799768518 0.021739572219682028 0.023061342592592737
0 0.4455977239241986 0.5732132523148148 0.024523700655387844 0.02502893518518512
0 0.46864045115073927 0.6031231915509259 0.022384799065183033 0.021111834490740833
0 0.49543768734440885 0.5844636140046295 0.022455926433978653 0.024529803240740833
0 0.5173474571965656 0.6028917100694444 0.025168927500889005 0.023079427083333215
0 0.5361682670324646 0.6379069010416667 0.02942640857592849 0.029937065972222232
0 0.5328532235939644 0.5829517505787036 0.025946248031296026 0.02747757523148131
0 0.5526571152771427 0.58720703125 0.028044505410760572 0.02944155092592604
0 0.5701773103693542 0.5858344184027777 0.02179037748310736 0.025502748842592737
0 0.5825991972768378 0.5822374131944444 0.021165472742976175 0.02842881944444442
0 0.5970024894579078 0.5823133680555556 0.02664228014022252 0.027969473379629628
0 0.6142457958644516 0.5777651186342593 0.02456434486612811 0.02698206018518512
0 0.630046232789717 0.5766276041666667 0.020398313265254372 0.024518952546296324
0 0.6448839099730731 0.5723108362268519 0.02314179749022008 0.02453342013888893
0 0.6624295076969975 0.5697175202546296 0.022466087486663563 0.025018084490740833
0 0.6782909109383732 0.565650318287037 0.0210841843214958 0.02452256944444442
0 0.7154727429761722 0.575368923611111 0.021739572219681872 0.023061342592592737
0 0.7313239851648632 0.5717900028935186 0.023827668546461504 0.024537037037037024
0 0.7478255347253976 0.5699236834490741 0.024523700655387844 0.02502893518518512
0 0.5687115785195346 0.6397876880787037 0.025925925925925894 0.026501012731481532
0 0.5852334501854392 0.6369448061342593 0.025915764873240828 0.02601273148148131
0 0.6004242239496013 0.6321415653935185 0.025351826449220197 0.031868489583333215
0 0.6173195143016816 0.6607982494212963 0.03605141492658639 0.01874276620370363
0 0.5589239445206524 0.6651294849537037 0.03878473809886703 0.018268952546296235
0 0.5536376568612508 0.7049008969907407 0.038703449677386655 0.014362702546296457
0 0.6220875882741451 0.7118543836805555 0.026652441192907432 0.028457754629629628
0 0.6409947670578672 0.7097565827546296 0.023212924859015386 0.02795138888888893
0 0.6564979931920947 0.706419994212963 0.024544022760757976 0.02600549768518512
0 0.6771630340903317 0.6857747395833333 0.03254077122389873 0.014818431712962932
0 0.6929863333841386 0.6670572916666666 0.02314179749022008 0.02453342013888893
0 0.6592338566275466 0.6573567708333333 0.036031092821216255 0.01776620370370363
0 0.6320073159579332 0.6472023292824074 0.03320632017477002 0.013845486111111027
0 0.6628892953309963 0.6300292968750001 0.04224457653812936 0.019751880787036935
0 0.756068688716151 0.6517632378472222 0.02593608697861096 0.026989293981481532
0 0.7729487374892038 0.6481897424768519 0.028740537519687064 0.029933449074074137
0 0.7383630544124371 0.6785282841435185 0.03463902860336327 0.01678240740740744
0 0.7342046436010771 0.5981752748842593 0.02037799115988424 0.023542390046296324
0 0.7614108621653202 0.6093062789351852 0.02379718538840615 0.023072193287037024