0 0.6822268326417704 0.08918728298611112 0.02351313969571231 0.010015190972222199
0 0.6369294605809128 0.10159505208333333 0.01590594744121715 0.007335069444444453
0 0.6141078838174274 0.10133463541666667 0.025587828492392807 0.01203342013888889
0 0.572268326417704 0.08531358506944445 0.015214384508990318 0.010731336805555547
0 0.5456431535269709 0.08492838541666667 0.019363762102351315 0.006955295138888873
0 0.4726832641770401 0.10357530381944444 0.017980636237897647 0.008376736111111116
0 0.5874827109266944 0.11584201388888889 0.02351313969571231 0.0075737847222222265
0 0.5677731673582296 0.11328667534722223 0.02074688796680498 0.006022135416666685
0 0.5570539419087137 0.101904296875 0.01037344398340249 0.014973958333333315
0 0.5494467496542186 0.10238715277777778 0.005532503457814661 0.01238064236111111
0 0.5314661134163209 0.10636935763888888 0.017980636237897647 0.006911892361111116
0 0.5210926694329184 0.09522026909722223 0.017289073305670817 0.00689019097222221
0 0.510027662517289 0.11534288194444445 0.017289073305670817 0.00640190972222221
0 0.47614107883817425 0.11835937499999999 0.02074688796680498 0.007975260416666685
0 0.4533195020746888 0.12762044270833334 0.017289073305670817 0.00444878472222221
0 0.4515905947441217 0.13182508680555555 0.017289073305670817 0.00640190972222221
0 0.42773167358229597 0.13257378472222223 0.017289073305670817 0.00542534722222221
0 0.4311894882434302 0.10219184027777778 0.017289073305670817 0.00591362847222221
0 0.4145919778699862 0.10295681423611111 0.020055325034578148 0.006000434027777779
0 0.3852005532503458 0.10217013888888889 0.019363762102351315 0.006955295138888901
0 0.40110650069156295 0.13145616319444445 0.019363762102351315 0.007443576388888873
0 0.4066390041493776 0.12444661458333334 0.017289073305670817 0.00981987847222221
0 0.38865836791147995 0.14112413194444445 0.019363762102351315 0.007931857638888928
0 0.40802213001383125 0.14222547743055555 0.019363762102351315 0.006955295138888873
0 0.5148686030428768 0.13936089409722222 0.02074688796680498 0.007486979166666685
0 0.5491009681881052 0.13071831597222222 0.021438450899031812 0.005555555555555536
0 0.5695020746887967 0.12666015625 0.017289073305670817 0.00591362847222221
0 0.6092669432918395 0.13053927951388888 0.019363762102351315 0.006955295138888928
0 0.6296680497925311 0.11915690104166667 0.020055325034578148 0.006000434027777779
0 0.6483402489626556 0.15055338541666666 0.01590594744121715 0.009776475694444453
0 0.651106500691563 0.12287868923611112 0.017980636237897647 0.010818142361111116
0 0.6224066390041494 0.14794921875 0.02074688796680498 0.009440104166666685
0 0.5964730290456431 0.17146809895833334 0.020055325034578148 0.006000434027777779
0 0.5968188105117566 0.1782931857638889 0.017289073305670817 0.00737847222222221
0 0.5850622406639004 0.189404296875 0.0006915629322268327 0.0005099826388889062
0 0.576417704011065 0.1747829861111111 0.014522821576763486 0.005826822916666696
0 0.5567081604426003 0.17076280381944442 0.01867219917012448 0.004980468750000022
0 0.5446058091286307 0.1611328125 0.01867219917012448 0.005957031250000022
0 0.5452973720608575 0.1474392361111111 0.019363762102351315 0.007931857638888928
0 0.5286998616874136 0.14478624131944445 0.017980636237897647 0.007888454861111116
0 0.4903181189488243 0.14647894965277777 0.02074688796680498 0.006510416666666685
0 0.4685338865836791 0.1366644965277778 0.01867219917012448 0.006933593750000022
0 0.45228215767634855 0.14181315104166667 0.017980636237897647 0.006911892361111116
0 0.4529737206085754 0.1498480902777778 0.021438450899031812 0.007996961805555536
0 0.45193637621023514 0.1608669704861111 0.02074688796680498 0.00455729166666663
0 0.42773167358229597 0.15845269097222223 0.017289073305670817 0.00786675347222221
0 0.40525587828492393 0.1581814236111111 0.019363762102351315 0.006467013888888928
0 0.38589211618257263 0.163916015625 0.017289073305670817 0.00591362847222221
0 0.40525587828492393 0.1689236111111111 0.017289073305670817 0.00981987847222221
0 0.38070539419087135 0.17921549479166665 0.02074688796680498 0.00651041666666663
0 0.40767634854771784 0.17958984375 0.019363762102351315 0.005978732638888873
0 0.44951590594744123 0.1721733940972222 0.01590594744121715 0.006846788194444398
0 0.4508990318118949 0.18287217881944445 0.019363762102351315 0.005978732638888928
0 0.47164591977869985 0.18002387152777777 0.02074688796680498 0.00553385416666663
0 0.47959889349930845 0.16366102430555557 0.01867219917012448 0.005957031250000022
0 0.5121023513139695 0.18266059027777778 0.017980636237897647 0.006423611111111116
0 0.5210926694329184 0.17822808159722223 0.022130013831258646 0.006553819444444442
0 0.516597510373444 0.17250976562499998 0.01867219917012448 0.006933593750000022
0 0.4702627939142462 0.15101453993055558 0.014522821576763486 0.007779947916666696
0 0.5518672199170125 0.18312174479166665 0.02074688796680498 0.00748697916666663
0 0.6476486860304288 0.18011610243055554 0.01037344398340249 0.01399739583333337
0 0.6300138312586445 0.17310112847222223 0.008990318118948824 0.011512586805555558
0 0.5778008298755186 0.14422200520833334 0.02074688796680498 0.00797526041666663
0 0.6853388658367912 0.1952907986111111 0.02074688796680498 0.00699869791666663
0 0.6514522821576764 0.19977213541666666 0.01037344398340249 0.01399739583333337
0 0.6168741355463347 0.2003689236111111 0.01867219917012448 0.007910156250000022
0 0.593015214384509 0.1986762152777778 0.019363762102351315 0.009884982638888928
0 0.5719225449515906 0.19884982638888887 0.017980636237897647 0.007888454861111116
0 0.5245504840940526 0.20351019965277778 0.02074688796680498 0.006998697916666685
0 0.5027662517289073 0.20028754340277777 0.019363762102351315 0.007443576388888928
0 0.49654218533886585 0.19340277777777778 0.01590594744121715 0.007335069444444453
0 0.4605809128630705 0.201123046875 0.014522821576763486 0.006803385416666696
0 0.40110650069156295 0.20347764756944445 0.06431535269709543 0.011783854166666663
0 0.4284232365145228 0.17356770833333335 0.016597510373443983 0.005891927083333304
0 0.42531120331950206 0.18196614583333331 0.017289073305670817 0.00591362847222221
0 0.572268326417704 0.18638780381944445 0.01590594744121715 0.008311631944444453
0 0.5255878284923928 0.24302842881944442 0.0006915629322268327 0.0009982638888889062
0 0.5266251728907331 0.19221462673611112 0.01590594744121715 0.006846788194444453
0 0.6808437067773168 0.5994845920138889 0.048409405255878286 0.014702690972222321
0 0.6355463347164592 0.6055447048611111 0.019363762102351315 0.007931857638888928
0 0.6345089903181189 0.6136338975694444 0.025587828492392807 0.00959201388888875
0 0.6310511756569848 0.6254611545138888 0.022130013831258646 0.013878038194444553
0 0.6348547717842323 0.643408203125 0.019363762102351315 0.010373263888888928
0 0.6358921161825726 0.6594889322916667 0.03112033195020747 0.01171875
0 0.6348547717842323 0.672705078125 0.02627939142461964 0.010101996527777768
0 0.6289764868603043 0.6887586805555556 0.02627939142461964 0.006195746527777768
0 0.6417704011065007 0.7015407986111111 0.03803596127247579 0.01535373263888884
0 0.6791147994467497 0.704763454861111 0.03872752420470263 0.016840277777777857
0 0.6635546334716459 0.722829861111111 0.017289073305670817 0.005913628472222321
0 0.7133471645919779 0.7283474392361111 0.028354080221300138 0.010167100694444375
0 0.6407330567081605 0.7440538194444445 0.01313969571230982 0.010177951388888884
0 0.6808437067773168 0.7437717013888889 0.01313969571230982 0.005783420138888884
0 0.5660442600276625 0.5635362413194445 0.017289073305670817 0.006890190972222321
0 0.5646611341632088 0.5757866753472223 0.01867219917012448 0.008398437499999911
0 0.5618948824343015 0.6203070746527778 0.014522821576763486 0.007291666666666696
0 0.5605117565698479 0.6313368055555555 0.02074688796680498 0.007486979166666519
0 0.5622406639004149 0.6498372395833334 0.020055325034578148 0.0074652777777779455
0 0.5605117565698479 0.6616102430555555 0.02074688796680498 0.006998697916666519
0 0.5781466113416321 0.6788791232638889 0.024896265560165973 0.007617187499999956
0 0.5570539419087137 0.6998046875 0.017980636237897647 0.007888454861111116
0 0.55567081604426 0.7125434027777777 0.017289073305670817 0.009819878472222321
0 0.5273167358229599 0.6953667534722222 0.017980636237897647 0.008376736111111116
0 0.530774550484094 0.6735297309027778 0.017980636237897647 0.006911892361111116
0 0.5003457814661134 0.6727756076388889 0.017289073305670817 0.007866753472222321
0 0.5006915629322268 0.6566514756944444 0.01590594744121715 0.008311631944444287
0 0.4806362378976487 0.6616753472222223 0.017289073305670817 0.006890190972222321
0 0.46922544951590595 0.6561740451388889 0.01590594744121715 0.009776475694444509
0 0.4298063623789765 0.6622938368055555 0.020055325034578148 0.008930121527777724
0 0.3879668049792531 0.6701985677083333 0.019363762102351315 0.005978732638888928
0 0.34474412171507607 0.6713107638888889 0.019363762102351315 0.005978732638888928
0 0.40525587828492393 0.7099392361111111 0.017980636237897647 0.004958767361111116
0 0.4263485477178423 0.712939453125 0.020055325034578148 0.0060004340277779455
0 0.44744121715076074 0.7042209201388889 0.021438450899031812 0.007508680555555536
0 0.4460580912863071 0.7184244791666667 0.022130013831258646 0.008506944444444553
0 0.48167358229598894 0.7102267795138889 0.019363762102351315 0.007931857638888928
0 0.4491701244813278 0.6875651041666666 0.025587828492392807 0.007638888888888751
0 0.4533195020746888 0.6737630208333334 0.02074688796680498 0.007975260416666519
0 0.4467496542185339 0.6417426215277777 0.021438450899031812 0.006043836805555536
0 0.48409405255878285 0.6373969184027777 0.017289073305670817 0.005425347222222321
0 0.5034578146611342 0.6375217013888889 0.017980636237897647 0.006911892361111116
0 0.5013831258644537 0.6248914930555556 0.021438450899031812 0.007020399305555536
0 0.5031120331950207 0.6075032552083333 0.022130013831258646 0.008995225694444553
0 0.5321576763485477 0.6131835937500001 0.01867219917012448 0.006933593749999911
0 0.533195020746888 0.5831217447916667 0.01867219917012448 0.007910156249999911
0 0.5266251728907331 0.5723415798611111 0.019363762102351315 0.006955295138888928
0 0.48824343015214383 0.5637803819444445 0.015214384508990318 0.008778211805555491
0 0.45677731673582295 0.571847873263889 0.02074688796680498 0.006998697916666519
0 0.4173582295988935 0.5813856336805556 0.022130013831258646 0.005088975694444553
0 0.38450899031811897 0.5870551215277777 0.020055325034578148 0.0064887152777779455
0 0.38450899031811897 0.5748480902777777 0.017289073305670817 0.006890190972222321
0 0.3578838174273859 0.582763671875 0.01867219917012448 0.005468749999999911
0 0.36410788381742737 0.607958984375 0.017289073305670817 0.006890190972222321
0 0.3966113416320885 0.6098687065972221 0.012448132780082987 0.015039062500000089
0 0.42012448132780084 0.61279296875 0.01037344398340249 0.01350911458333326
0 0.40594744121715076 0.6249565972222222 0.01590594744121715 0.007823350694444287
0 0.38105117565698476 0.6247612847222223 0.014522821576763486 0.008756510416666696
0 0.36376210235131395 0.6377549913194445 0.017289073305670817 0.008355034722222321
0 0.34647302904564314 0.6253580729166667 0.019363762102351315 0.008420138888888928
0 0.31466113416320884 0.6251356336805556 0.02074688796680498 0.006998697916666519
0 0.3437067773167358 0.7094292534722222 0.01867219917012448 0.009863281249999911
0 0.3551175656984786 0.7137098524305556 0.019363762102351315 0.006955295138888928
0 0.3177731673582296 0.7114637586805556 0.017289073305670817 0.006890190972222321
0 0.3132780082987552 0.6962239583333334 0.017289073305670817 0.005913628472222321
0 0.2866528354080221 0.6797254774305556 0.02074688796680498 0.00846354166666674
0 0.2776625172890733 0.7200466579861111 0.017289073305670817 0.007866753472222321
0 0.3008298755186722 0.7227376302083334 0.017980636237897647 0.005935329861111116
0 0.2869986168741355 0.6257595486111112 0.01313969571230982 0.006271701388888884
0 0.3084370677731674 0.5577039930555556 0.016597510373443983 0.007356770833333304
0 0.28907330567081607 0.5458604600694444 0.01590594744121715 0.005870225694444509
0 0.2863070539419087 0.55791015625 0.017289073305670817 0.006401909722222321
0 0.6573305670816044 0.4486111111111111 0.026970954356846474 0.010123697916666674
0 0.6573305670816044 0.4708279079861111 0.026970954356846474 0.008170572916666674
0 0.6639004149377593 0.49650065104166663 0.015214384508990318 0.006336805555555491
0 0.6424619640387276 0.5237847222222223 0.028354080221300138 0.010167100694444375
0 0.603042876901798 0.4825412326388889 0.056708160442600276 0.013498263888888862
0 0.5618948824343015 0.5045844184027778 0.024896265560165973 0.009082031249999956
0 0.5266251728907331 0.5061794704861111 0.024204702627939143 0.01003689236111116
0 0.49239280774550487 0.5060329861111111 0.024204702627939143 0.01052517361111116
0 0.4602351313969571 0.5055772569444446 0.022130013831258646 0.008506944444444553
0 0.43741355463347165 0.5172797309027777 0.0006915629322268327 0.0005099826388890172
0 0.7320193637621023 0.2524197048611111 0.024896265560165973 0.009570312499999956
0 0.7140387275242047 0.2708062065972222 0.021438450899031812 0.012879774305555536
0 0.7136929460580913 0.30035807291666666 0.022821576763485476 0.010970052083333348
0 0.7102351313969572 0.32951931423611114 0.022821576763485476 0.012923177083333348
0 0.6697786998616874 0.2450954861111111 0.022130013831258646 0.007530381944444442
0 0.6227524204702628 0.26219618055555555 0.016597510373443983 0.006380208333333304
0 0.6234439834024896 0.2709635416666667 0.019363762102351315 0.005978732638888928
0 0.5387275242047026 0.26287977430555554 0.011756569847856155 0.013064236111111072
0 0.5549792531120332 0.26969401041666663 0.01590594744121715 0.007335069444444509
0 0.573997233748271 0.2656792534722222 0.017289073305670817 0.00591362847222221
0 0.5816044260027663 0.27203233506944446 0.017980636237897647 0.007888454861111116
0 0.5954356846473029 0.2872233072916667 0.02074688796680498 0.007486979166666741
0 0.6421161825726142 0.2833170572916667 0.017980636237897647 0.008865017361111116
0 0.6269017980636238 0.2852593315972222 0.015214384508990318 0.006336805555555602
0 0.6265560165975104 0.3013834635416667 0.011065006915629323 0.012554253472222276
0 0.6417704011065007 0.3126247829861111 0.017289073305670817 0.00689019097222221
0 0.6369294605809128 0.33597005208333336 0.008990318118948824 0.011512586805555558
0 0.6369294605809128 0.3230305989583333 0.01867219917012448 0.009863281249999911
0 0.6058091286307054 0.3103352864583333 0.01037344398340249 0.01155598958333326
0 0.6116874135546335 0.29647894965277777 0.01590594744121715 0.005381944444444509
0 0.5636237897648686 0.2994520399305556 0.014522821576763486 0.007779947916666696
0 0.5591286307053942 0.3078938802083333 0.014522821576763486 0.005826822916666696
0 0.5573997233748271 0.3203993055555555 0.02074688796680498 0.00797526041666674
0 0.5781466113416321 0.3085177951388889 0.017289073305670817 0.00786675347222221
0 0.5943983402489627 0.338525390625 0.01590594744121715 0.007335069444444509
0 0.5667358229598893 0.33402235243055556 0.01867219917012448 0.007910156250000022
0 0.5577455048409405 0.3399197048611111 0.01313969571230982 0.007736545138888884
0 0.5345781466113416 0.33991427951388886 0.01590594744121715 0.005381944444444509
0 0.5266251728907331 0.3228298611111111 0.016597510373443983 0.008333333333333304
0 0.529045643153527 0.302978515625 0.016597510373443983 0.008821614583333304
0 0.5345781466113416 0.28742404513888886 0.016597510373443983 0.007845052083333304
0 0.5148686030428768 0.28584526909722224 0.013831258644536652 0.00726996527777779
0 0.49412171507607194 0.27087131076388893 0.01590594744121715 0.008311631944444509
0 0.5134854771784232 0.26220703125 0.017289073305670817 0.00591362847222221
0 0.5148686030428768 0.2570366753472222 0.020055325034578148 0.0060004340277777235
0 0.5200553250345782 0.24613172743055556 0.014522821576763486 0.007291666666666696
0 0.5525587828492393 0.24682074652777777 0.02074688796680498 0.006510416666666685
0 0.5912863070539419 0.2431640625 0.016597510373443983 0.005891927083333304
0 0.5065698478561549 0.2414279513888889 0.019363762102351315 0.006955295138888928
0 0.46715076071922546 0.27757703993055555 0.017289073305670817 0.00981987847222221
0 0.4467496542185339 0.2975043402777778 0.019363762102351315 0.006955295138888928
0 0.4778699861687414 0.3031195746527778 0.021438450899031812 0.007508680555555536
0 0.4982710926694329 0.33641493055555555 0.02074688796680498 0.00699869791666663
0 0.495850622406639 0.32648111979166666 0.01590594744121715 0.008311631944444398
0 0.5065698478561549 0.3320041232638889 0.017289073305670817 0.00786675347222221
0 0.46265560165975106 0.3331380208333333 0.02074688796680498 0.00602213541666663
0 0.470954356846473 0.3209147135416667 0.019363762102351315 0.010373263888888928
0 0.4553941908713693 0.3160319010416667 0.02074688796680498 0.01041666666666663
0 0.4405255878284924 0.28476019965277777 0.019363762102351315 0.006955295138888928
0 0.43706777316735823 0.29048394097222224 0.022130013831258646 0.008995225694444442
0 0.4574688796680498 0.303759765625 0.017289073305670817 0.00689019097222221
0 0.44398340248962653 0.30442708333333335 0.019363762102351315 0.006955295138888928
0 0.41562932226832644 0.3131293402777778 0.02074688796680498 0.00797526041666663
0 0.41251728907330565 0.33349066840277775 0.01867219917012448 0.009374999999999911
0 0.4315352697095436 0.3236165364583333 0.019363762102351315 0.008420138888888928
0 0.36929460580912865 0.3338704427083333 0.015214384508990318 0.006825086805555491
0 0.37621023513139695 0.3153428819444445 0.02074688796680498 0.004557291666666741
0 0.3948824343015214 0.31304796006944446 0.01313969571230982 0.007248263888888884
0 0.3993775933609959 0.2975260416666667 0.017289073305670817 0.00835503472222221
0 0.3813969571230982 0.29174262152777775 0.01867219917012448 0.008886718749999911
0 0.3769017980636238 0.3031141493055556 0.017289073305670817 0.01567925347222232
0 0.4197786998616874 0.25977647569444445 0.017289073305670817 0.00884331597222221
0 0.448478561549101 0.2679090711805555 0.019363762102351315 0.008908420138888928
0 0.4387966804979253 0.2513671875 0.02074688796680498 0.00895182291666674
0 0.4636929460580913 0.2515625 0.019363762102351315 0.008908420138888928
0 0.48858921161825725 0.25151367187499996 0.019363762102351315 0.009396701388888928
0 0.40110650069156295 0.24254014756944445 0.0636237897648686 0.015668402777777757
0 0.3755186721991701 0.26653645833333334 0.017980636237897647 0.009353298611111116
0 0.4017980636237898 0.26742078993055557 0.017289073305670817 0.00981987847222221
0 0.39903181189488246 0.28093532986111114 0.017289073305670817 0.007866753472222321
0 0.3983402489626556 0.287060546875 0.022821576763485476 0.006087239583333348
0 0.46196403872752423 0.37075737847222223 0.02074688796680498 0.01236979166666674
0 0.41632088520055327 0.3778049045138889 0.01313969571230982 0.009201388888888884
0 0.4263485477178423 0.39384765625 0.021438450899031812 0.009461805555555536
0 0.46922544951590595 0.3937228732638889 0.024896265560165973 0.009082031249999956
0 0.3879668049792531 0.3940755208333333 0.021438450899031812 0.009461805555555536
0 0.3153526970954357 0.11925455729166667 0.01590594744121715 0.006846788194444453
0 0.3163900414937759 0.13509114583333334 0.022130013831258646 0.008018663194444442
0 0.32053941908713696 0.149853515625 0.01867219917012448 0.006933593750000022
0 0.274896265560166 0.13028971354166669 0.019363762102351315 0.008908420138888928
0 0.2918395573997234 0.13879123263888887 0.01867219917012448 0.006933593750000022
0 0.27558782849239283 0.13637152777777778 0.017289073305670817 0.00493706597222221
0 0.2607192254495159 0.16149631076388887 0.01037344398340249 0.01302083333333337
0 0.27282157676348545 0.16673177083333335 0.01590594744121715 0.007335069444444398
0 0.29080221300138315 0.16958550347222223 0.017289073305670817 0.00689019097222221
0 0.2925311203319502 0.15024414062500002 0.016597510373443983 0.006868489583333304
0 0.27351313969571234 0.14302842881944444 0.01867219917012448 0.006445312500000022
0 0.1839557399723375 0.11483289930555556 0.019363762102351315 0.006467013888888901
0 0.16044260027662519 0.11435004340277778 0.01867219917012448 0.0069335937499999944
0 0.08333333333333333 0.1543674045138889 0.016597510373443983 0.00979817708333336
0 0.19398340248962656 0.23317057291666665 0.024204702627939143 0.0061306423611111605
0 0.26590594744121715 0.21040581597222224 0.021438450899031812 0.007020399305555536
0 0.31051175656984786 0.19875217013888888 0.022130013831258646 0.010948350694444442
0 0.30809128630705396 0.2193359375 0.019363762102351315 0.007931857638888873
0 0.3136237897648686 0.22917209201388888 0.017289073305670817 0.00689019097222221
0 0.3008298755186722 0.23494466145833331 0.01037344398340249 0.01253255208333337
0 0.2845781466113416 0.24961480034722222 0.019363762102351315 0.005978732638888928
0 0.28734439834024894 0.22755533854166665 0.01590594744121715 0.005870225694444398
0 0.2869986168741355 0.2178005642361111 0.015214384508990318 0.009754774305555547
0 0.2690179806362379 0.21934136284722222 0.015214384508990318 0.006825086805555547
0 0.266597510373444 0.22771809895833334 0.017289073305670817 0.00737847222222221
0 0.25345781466113415 0.23472222222222222 0.007607192254495159 0.014398871527777801
0 0.266597510373444 0.24187825520833334 0.02074688796680498 0.00602213541666663
0 0.15525587828492393 0.23218858506944445 0.029045643153526972 0.007259114583333337
0 0.12102351313969571 0.23301866319444442 0.025587828492392807 0.008615451388888862
0 0.15594744121715076 0.24486219618055555 0.029045643153526972 0.011653645833333393
0 0.07710926694329184 0.23464084201388888 0.022130013831258646 0.009483506944444442
0 0.16493775933609958 0.159619140625 0.024204702627939143 0.0066189236111111605
0 0.18706777316735823 0.30931532118055555 0.027662517289073305 0.00721571180555558
0 0.3029045643153527 0.26637369791666665 0.035269709543568464 0.008430989583333326
0 0.27627939142461966 0.2821017795138889 0.04979253112033195 0.009375000000000022
0 0.2776625172890733 0.2708279079861111 0.04979253112033195 0.011816406250000022
0 0.3008298755186722 0.2771809895833333 0.040110650069156296 0.007118055555555558
0 0.28112033195020747 0.3581217447916667 0.05739972337482711 0.012055121527777768
0 0.26625172890733056 0.3761664496527778 0.01867219917012448 0.004492187500000022
0 0.28734439834024894 0.38893229166666665 0.01313969571230982 0.012131076388888884
0 0.2859612724757953 0.40704210069444446 0.01037344398340249 0.01057942708333326
0 0.28492392807745504 0.42343207465277777 0.011065006915629323 0.012554253472222276
0 0.28803596127247577 0.3713324652777778 0.008990318118948824 0.015418836805555558
0 0.26313969571230983 0.41410590277777776 0.01313969571230982 0.015060763888888884
0 0.1926002766251729 0.37090928819444446 0.01313969571230982 0.011154513888888884
0 0.17047026279391425 0.3762424045138889 0.017289073305670817 0.00444878472222221
0 0.1715076071922545 0.41551649305555555 0.01037344398340249 0.01302083333333337
0 0.18775933609958506 0.39059244791666664 0.008990318118948824 0.018836805555555558
0 0.18810511756569848 0.4076714409722222 0.01037344398340249 0.00911458333333326
0 0.18775933609958506 0.4247721354166667 0.014522821576763486 0.013639322916666696
0 0.1376210235131397 0.4441677517361111 0.026970954356846474 0.008170572916666674
0 0.23443983402489627 0.4440592447916667 0.030428769017980636 0.011697048611111205
0 0.15110650069156292 0.3089789496527778 0.024896265560165973 0.007128906249999956
0 0.1542185338865837 0.3166937934027778 0.028354080221300138 0.007237413194444375
0 0.11549100968188106 0.30936414930555556 0.027662517289073305 0.00623914930555558
0 0.07365145228215768 0.2974934895833333 0.01590594744121715 0.008799913194444509
0 0.1628630705394191 0.7058268229166667 0.01867219917012448 0.007421874999999911
0 0.18533886583679116 0.6714301215277778 0.011065006915629323 0.014019097222222054
0 0.169432918395574 0.6746148003472223 0.022130013831258646 0.008995225694444553
0 0.15871369294605808 0.689599609375 0.021438450899031812 0.005555555555555536
0 0.15836791147994467 0.6947374131944444 0.02074688796680498 0.006022135416666519
0 0.18049792531120332 0.69892578125 0.01590594744121715 0.008799913194444287
0 0.19640387275242047 0.7147840711805555 0.01867219917012448 0.008398437499999911
0 0.16182572614107885 0.71513671875 0.02074688796680498 0.008463541666666519
0 0.1372752420470263 0.7154188368055556 0.01590594744121715 0.0068467881944442865
0 0.12378976486860305 0.6521213107638889 0.015214384508990318 0.007801649305555491
0 0.1417704011065007 0.6518012152777777 0.022130013831258646 0.011924913194444553
0 0.15871369294605808 0.663720703125 0.016597510373443983 0.006868489583333304
0 0.13658367911479943 0.6724717881944444 0.008990318118948824 0.011024305555555447
0 0.11134163208852006 0.6754611545138889 0.017980636237897647 0.008376736111111116
0 0.09923928077455048 0.6548448350694445 0.01590594744121715 0.008311631944444509
0 0.0954356846473029 0.6642415364583334 0.020055325034578148 0.0074652777777779455
0 0.07883817427385892 0.6525553385416667 0.016597510373443983 0.005891927083333304
0 0.06085753803596127 0.6533637152777778 0.015214384508990318 0.0073133680555557135
0 0.03941908713692946 0.6533040364583333 0.017289073305670817 0.005425347222222321
0 0.004840940525587829 0.6539008246527778 0.009681881051175657 0.007628038194444464
0 0.021784232365145227 0.6521484375 0.017980636237897647 0.008865017361111116
0 0.03699861687413555 0.6643663194444445 0.017289073305670817 0.005913628472222321
0 0.07572614107883817 0.6702311197916666 0.011065006915629323 0.015483940972222054
0 0.0487551867219917 0.6747395833333334 0.022130013831258646 0.008995225694444553
0 0.04322268326417704 0.6839463975694444 0.019363762102351315 0.008908420138888928
0 0.038381742738589214 0.6941080729166667 0.019363762102351315 0.007443576388888928
0 0.04183955739972337 0.7062065972222222 0.019363762102351315 0.005978732638888928
0 0.05843706777316736 0.7005588107638889 0.01590594744121715 0.008799913194444287
0 0.09647302904564316 0.6939941406250001 0.017289073305670817 0.009331597222222321
0 0.10096818810511757 0.6833550347222221 0.02351313969571231 0.008062065972222143
0 0.11860304287690179 0.6996473524305555 0.019363762102351315 0.007931857638888928
0 0.10304287690179806 0.7072157118055555 0.01867219917012448 0.008886718749999911
0 0.0995850622406639 0.714404296875 0.022130013831258646 0.008506944444444553
0 0.07538035961272475 0.7154079861111111 0.020055325034578148 0.0069769965277777235
0 0.042876901798063624 0.7142306857638889 0.024204702627939143 0.0075954861111111605
0 0.014868603042876901 0.7155978732638889 0.024896265560165973 0.009082031249999956
0 0.005532503457814661 0.6751193576388889 0.011065006915629323 0.011089409722222276
0 0.004840940525587829 0.6995551215277778 0.009681881051175657 0.009092881944444464
0 0.1887966804979253 0.6222493489583334 0.027662517289073305 0.008192274305555358
0 0.20020746887966806 0.6052897135416666 0.024896265560165973 0.010058593750000178
0 0.1504149377593361 0.6031901041666666 0.022821576763485476 0.011946614583333348
0 0.12482710926694329 0.6225477430555556 0.03112033195020747 0.01171875
0 0.09232365145228216 0.6042805989583333 0.022130013831258646 0.008018663194444553
0 0.06708160442600276 0.6236273871527778 0.027662517289073305 0.01014539930555558
0 0.028699861687413553 0.6050564236111111 0.022821576763485476 0.009505208333333348
0 0.011756569847856155 0.6212131076388889 0.02351313969571231 0.012456597222222143
0 0.23374827109266944 0.14647352430555555 0.01867219917012448 0.008886718750000022
0 0.19674965421853388 0.1461697048611111 0.029045643153526972 0.007259114583333337
0 0.1607883817427386 0.14607747395833334 0.020055325034578148 0.006000434027777779
0 0.12482710926694329 0.14696180555555555 0.022130013831258646 0.008018663194444442
0 0.0975103734439834 0.14635416666666667 0.01867219917012448 0.004492187500000022
0 0.19778699861687413 0.4915961371527778 0.027662517289073305 0.00819227430555558
0 0.13934993084370678 0.4907443576388889 0.029737206085753802 0.008745659722222188
0 0.07987551867219916 0.49138997395833334 0.030428769017980636 0.008767361111111094
0 0.019017980636237896 0.4915907118055556 0.027662517289073305 0.00672743055555558
0 0.19156293222683266 0.5171820746527778 0.017980636237897647 0.006911892361111116
0 0.16977869986168742 0.5205512152777778 0.019363762102351315 0.006955295138888928
0 0.13243430152143845 0.5217230902777779 0.017289073305670817 0.006401909722222321
0 0.11376210235131397 0.5208441840277778 0.014522821576763486 0.006315104166666696
0 0.09094052558782849 0.5200954861111111 0.017980636237897647 0.008376736111111116
0 0.07226832641770402 0.521657986111111 0.017289073305670817 0.006890190972222321
0 0.04979253112033195 0.521875 0.021438450899031812 0.007508680555555536
0 0.028008298755186723 0.5201171874999999 0.01867219917012448 0.007910156249999911
0 0.012448132780082987 0.52109375 0.014522821576763486 0.005338541666666696
0 0.11929460580912864 0.5465494791666667 0.01590594744121715 0.0068467881944442865
0 0.11514522821576763 0.555224609375 0.017289073305670817 0.007866753472222321
0 0.08575380359612725 0.5551703559027779 0.01037344398340249 0.013020833333333481
0 0.059820193637621026 0.5479275173611111 0.017289073305670817 0.006890190972222321
0 0.046680497925311204 0.534423828125 0.019363762102351315 0.005978732638888928
0 0.014522821576763486 0.5444661458333333 0.020055325034578148 0.0074652777777779455
0 0.011065006915629323 0.5672797309027777 0.02074688796680498 0.006510416666666519
0 0.025933609958506226 0.5846354166666667 0.019363762102351315 0.007931857638888928
0 0.05013831258644537 0.5855848524305556 0.01867219917012448 0.006445312499999911
0 0.08713692946058091 0.585888671875 0.01590594744121715 0.0058702256944442865
0 0.10961272475795297 0.5856716579861112 0.017289073305670817 0.007866753472222321
0 0.14764868603042877 0.5854546440972221 0.01590594744121715 0.0068467881944442865
0 0.1715076071922545 0.5839735243055555 0.017289073305670817 0.007378472222222321
0 0.1739280774550484 0.5763292100694444 0.015214384508990318 0.0068250868055557135
0 0.1673582295988935 0.5618869357638889 0.017289073305670817 0.006890190972222321
0 0.18914246196403872 0.5687717013888889 0.019363762102351315 0.006955295138888928
0 0.2071230982019364 0.5833441840277778 0.017289073305670817 0.006401909722222321
0 0.17876901798063624 0.5454155815972223 0.019363762102351315 0.005978732638888928
0 0.17254495159059474 0.5346245659722222 0.017980636237897647 0.007888454861111116
0 0.2057399723374827 0.5433485243055556 0.014522821576763486 0.011686197916666696
0 0.14522821576763487 0.5437825520833334 0.009681881051175657 0.012999131944444464
0 0.10546334716459198 0.5359971788194444 0.017980636237897647 0.007888454861111116
0 0.06708160442600276 0.5677191840277778 0.022130013831258646 0.007042100694444553
0 0.04771784232365145 0.5622233072916667 0.019363762102351315 0.006955295138888928
0 0.05463347164591978 0.5534613715277779 0.02074688796680498 0.006510416666666519
0 0.10719225449515905 0.5613335503472222 0.01590594744121715 0.007823350694444509
0 0.09266943291839558 0.5732638888888888 0.0006915629322268327 0.0005099826388890172
0 0.12932226832641772 0.5677191840277778 0.017289073305670817 0.005913628472222321
0 0.11307053941908714 0.5767740885416667 0.015214384508990318 0.005848524305555491
0 0.05152143845089903 0.5762641059027778 0.016597510373443983 0.006380208333333304
0 0.43015214384508993 0.11369900173611111 0.019363762102351315 0.0089084201388889
0 0.38623789764868605 0.6748914930555556 0.019363762102351315 0.006955295138888928
0 0.42012448132780084 0.640625 0.012448132780082987 0.014550781250000089
0 0.40836791147994467 0.6405056423611111 0.009681881051175657 0.012022569444444464
0 0.394536652835408 0.639718967013889 0.013831258644536652 0.01752387152777768
0 0.38623789764868605 0.6392469618055556 0.012448132780082987 0.014062500000000089
0 0.4405255878284924 0.6160590277777778 0.02074688796680498 0.006998697916666741
0 0.46196403872752423 0.6131890190972222 0.01867219917012448 0.007421874999999911
0 0.45885200553250344 0.5854546440972221 0.020055325034578148 0.008930121527777946
0 0.18360995850622408 0.6531738281249999 0.025587828492392807 0.01008029513888875
0 0.035269709543568464 0.4156412760416667 0.01867219917012448 0.008398437500000022
0 0.012102351313969572 0.4161241319444444 0.017289073305670817 0.008355034722222321
0 0.010027662517289074 0.43498806423611114 0.015214384508990318 0.008289930555555491
0 0.008644536652835409 0.4428439670138889 0.012448132780082987 0.006249999999999978
0 0.03699861687413555 0.35821397569444446 0.015214384508990318 0.006336805555555491
0 0.014522821576763486 0.3669759114583333 0.016597510373443983 0.006868489583333304
0 0.014868603042876901 0.3708713107638889 0.017289073305670817 0.00591362847222221
0 0.04253112033195021 0.2799153645833333 0.017289073305670817 0.00591362847222221
0 0.03561549100968188 0.23569878472222222 0.01313969571230982 0.005783420138888884
0 0.021784232365145227 0.236376953125 0.013831258644536652 0.00678168402777779
0 0.021784232365145227 0.245166015625 0.01590594744121715 0.006358506944444398
0 0.035961272475795295 0.24740668402777777 0.015214384508990318 0.007313368055555602
0 0.04564315352697095 0.2629720052083333 0.016597510373443983 0.006868489583333304
0 0.46922544951590595 0.6327365451388889 0.017980636237897647 0.006423611111111116
0 0.4384508990318119 0.6312608506944444 0.017289073305670817 0.006401909722222321
0 0.4830567081604426 0.6249782986111111 0.017980636237897647 0.006423611111111116
0 0.4927385892116183 0.7235514322916667 0.02074688796680498 0.006022135416666519
0 0.39557399723374825 0.7207411024305556 0.019363762102351315 0.006467013888888928