0 0.3373076246451227 0.10622858294698649 0.023410262565298403 0.00846603507357388
0 0.3818442217205684 0.11842370489820601 0.01570200537916359 0.006450312437008665
0 0.40468350227207905 0.11802056037089297 0.024837717599767842 0.010481757710139095
0 0.44722166229926763 0.10179399314654304 0.014845532358481848 0.009877040919169522
0 0.4740578169472926 0.10108849022374522 0.019127897461890087 0.005845595646039092
0 0.546287041691445 0.1192299939528321 0.017700442427420724 0.007458173755291259
0 0.4305204383959755 0.1322314049586777 0.023410262565298323 0.006047167909695617
0 0.4506475543819942 0.12971175166297116 0.0205553524963596 0.005039306591412995
0 0.4616389581474087 0.11832291876637775 0.009992185241285836 0.014311630719612972
0 0.46934721533354357 0.11862527716186252 0.005138838124089822 0.012094335819391261
0 0.4871904032644112 0.12255593630316469 0.017700442427420724 0.005845595646039092
0 0.4981818070298257 0.11136867567022778 0.01684396940673914 0.005845595646039092
0 0.5081739922711116 0.1312235436403951 0.01684396940673914 0.005442451118726044
0 0.5418619310845898 0.13404555533158638 0.0205553524963596 0.007055029227978238
0 0.5644157206292065 0.14321709332795807 0.01684396940673914 0.003628300745817381
0 0.565843175663676 0.14745011086474502 0.01684396940673914 0.005442451118726044
0 0.5898244202427622 0.1479540415238863 0.01684396940673914 0.004434589800443478
0 0.587683237691058 0.11761741584357993 0.01712946041363295 0.004837734327756499
0 0.6042417160909033 0.11832291876637775 0.01969887947567786 0.004837734327756499
0 0.6336472898009732 0.11731505744809514 0.019127897461890087 0.006047167909695617
0 0.6163750838838933 0.14664382181011892 0.019127897461890087 0.006450312437008665
0 0.6110935002563564 0.13968957871396895 0.01712946041363295 0.0088691796008869
0 0.6283657061734363 0.15621850433380366 0.019127897461890087 0.006853456964321714
0 0.6089523177046523 0.1574279379157428 0.018842406454996276 0.005845595646039092
0 0.5020359356228932 0.1554122152791776 0.0205553524963596 0.006450312437008665
0 0.468205251305968 0.1469461802056037 0.02112633451014738 0.004434589800443478
0 0.4480781353199493 0.14301552106430154 0.01712946041363295 0.0048377343277565266
0 0.40825213985825265 0.14714775246926023 0.019127897461890087 0.006047167909695617
0 0.3882677693756808 0.13596049183632333 0.01969887947567786 0.0048377343277565266
0 0.36785516238276816 0.1674057649667406 0.015416514372269624 0.0088691796008869
0 0.3667131983551926 0.1397903648457972 0.017700442427420724 0.009877040919169522
0 0.39426308052045234 0.16458375327554928 0.020269861489465635 0.008466035073573852
0 0.4189580526167732 0.1879661358597057 0.01969887947567786 0.005039306591412995
0 0.4182443250995385 0.19471880669219915 0.01712946041363295 0.006450312437008665
0 0.4295212198718469 0.20590606732513606 0.0005709820137877754 0.0004031445273130485
0 0.43894242309934506 0.1912920782100383 0.014274550344694072 0.005039306591412995
0 0.4586413025750229 0.18705906067325137 0.0182714244412085 0.0040314452731304296
0 0.4714883978852477 0.17738359201773837 0.0182714244412085 0.005039306591412995
0 0.4713456523818007 0.16357589195726668 0.018842406454996276 0.007055029227978238
0 0.48804687628509286 0.16095545252973192 0.017700442427420724 0.006853456964321714
0 0.5264454167123201 0.16236645837532757 0.0205553524963596 0.005442451118726044
0 0.5487137152500431 0.15238863132432978 0.0182714244412085 0.005845595646039092
0 0.5648439571395474 0.1574279379157428 0.017700442427420724 0.005845595646039092
0 0.5637019931119719 0.16539004233017537 0.02112633451014738 0.006853456964321714
0 0.5641302296223126 0.17637573069945575 0.020269861489465635 0.003628300745817381
0 0.5885397107117397 0.17385607740374925 0.01712946041363295 0.006853456964321714
0 0.6110935002563564 0.17355371900826447 0.019127897461890087 0.005442451118726044
0 0.6300786522147996 0.17899617012699054 0.01684396940673914 0.0048377343277565266
0 0.6103797727391218 0.18423704898206006 0.01684396940673914 0.009070751864543425
0 0.6346465083251017 0.19421487603305784 0.020269861489465635 0.005442451118726044
0 0.6075248626701829 0.19492037895585568 0.018842406454996276 0.0048377343277565266
0 0.565843175663676 0.18776456359604918 0.01570200537916359 0.006047167909695617
0 0.5641302296223126 0.1984478935698448 0.019127897461890087 0.005039306591412995
0 0.5434321316225061 0.19572666801048175 0.020269861489465635 0.004434589800443478
0 0.5362948564501591 0.1792985285224753 0.0182714244412085 0.0048377343277565266
0 0.5028924086435748 0.19864946583350132 0.017700442427420724 0.005442451118726044
0 0.49389944192641744 0.19421487603305784 0.021697316523935153 0.005442451118726044
0 0.4988955345470604 0.188470066518847 0.0182714244412085 0.006047167909695617
0 0.5461442961879981 0.16680104817577102 0.013989059337800263 0.006853456964321714
0 0.46292366767843124 0.1994557548881274 0.020269861489465635 0.006450312437008665
0 0.3671414348655335 0.19703688772424915 0.009992185241285836 0.013303769401330379
0 0.385412859306742 0.1897802862326144 0.008279239199922666 0.010884902237452143
0 0.43894242309934506 0.16065309413424714 0.020269861489465635 0.006853456964321714
0 0.3288856399417531 0.21245716589397298 0.0205553524963596 0.006047167909695617
0 0.3624308332517844 0.21658939729893167 0.009992185241285836 0.013505341664986903
0 0.3971179905893912 0.21709332795807298 0.0182714244412085 0.007055029227978238
0 0.42109923516847736 0.21517839145333603 0.019127897461890087 0.0088691796008869
0 0.44208282417517775 0.21517839145333603 0.017700442427420724 0.006853456964321714
0 0.4894743313195623 0.21961298125377948 0.0205553524963596 0.006047167909695617
0 0.5111716478434973 0.21608546663979036 0.018842406454996276 0.006450312437008665
0 0.5178806865055037 0.20923200967546865 0.01570200537916359 0.006450312437008665
0 0.5535670623672391 0.21669018343075994 0.014274550344694072 0.005845595646039092
0 0.6128064462977197 0.2186051199354969 0.06366449453733594 0.008062890546260859
0 0.5871122556772703 0.18897399717798832 0.016272987392951365 0.005039306591412995
0 0.5898244202427622 0.19723845998790568 0.01684396940673914 0.0048377343277565266
0 0.44251106068551854 0.20268091110663172 0.01570200537916359 0.007458173755291286
0 0.4864766757471765 0.25902035879862934 0.0008564730206815845 0.0010078613182825658
0 0.48761863977475206 0.20822414835718606 0.01570200537916359 0.005845595646039092
0 0.3131836345625896 0.6162064099979843 0.047962489158172354 0.012094335819391233
0 0.35829121365182304 0.6221527917758517 0.019127897461890125 0.007055029227978293
0 0.3590049411690578 0.6301148961902843 0.025408699613555616 0.008062890546260748
0 0.36185985123799663 0.6420076597460189 0.021697316523935115 0.01290062487401733
0 0.3571492496242476 0.6599475912114493 0.018842406454996276 0.009473896391856584
0 0.35543630358288425 0.6758718000403144 0.030833028744539366 0.010078613182826102
0 0.35586454009322505 0.6890747833098165 0.025979681627343352 0.008869179600886845
0 0.3607178872104211 0.7053013505341665 0.025979681627343352 0.004837734327756582
0 0.34729980988640863 0.7180004031445273 0.037399321903098665 0.013303769401330268
0 0.30990048798330994 0.7214271316266881 0.038255794923780326 0.014513202983269524
0 0.32446052933489794 0.7395686353557751 0.016843969406739063 0.004837734327756582
0 0.27435685762502154 0.7454142310018141 0.02769262766870664 0.008466035073573908
0 0.3461578458588331 0.7605321507760532 0.012847095310224712 0.009473896391856584
0 0.3063318503971364 0.7605321507760532 0.012847095310224712 0.004837734327756582
0 0.4300922018856347 0.5795202580124975 0.01684396940673914 0.005845595646039037
0 0.4308059294028694 0.5918161660955452 0.0182714244412085 0.007458173755291231
0 0.4312341659132102 0.6363636363636364 0.014274550344694072 0.006450312437008776
0 0.43223338443733883 0.6472485386010886 0.020269861489465635 0.006450312437008776
0 0.4295212198718469 0.6658939729893166 0.01969887947567786 0.006450312437008776
0 0.4308059294028694 0.6775851642813949 0.020269861489465635 0.006047167909695617
0 0.412249013954767 0.695021165087684 0.024552226592873875 0.006450312437008776
0 0.4323761299407857 0.7156823221124773 0.017700442427420724 0.007055029227978293
0 0.43294711195457347 0.7284821608546664 0.01684396940673914 0.009070751864543425
0 0.4622099401611965 0.7110461600483774 0.017700442427420724 0.007458173755291231
0 0.45978326660259844 0.6893771417053014 0.017700442427420724 0.006047167909695617
0 0.4904735498436909 0.6883692803870187 0.01684396940673914 0.006853456964321714
0 0.49090178635403175 0.6721427131626688 0.01570200537916359 0.007458173755291231
0 0.5104579203262627 0.6770812336222536 0.01712946041363295 0.005845595646039037
0 0.5224485426158058 0.671437210239871 0.015416514372269624 0.008869179600886845
0 0.5614180650568208 0.6773835920177383 0.01969887947567786 0.00786131828260439
0 0.6029570065598807 0.6851441241685144 0.019127897461890087 0.00503930659141294
0 0.646208894104304 0.6858496270913123 0.019127897461890087 0.00503930659141294
0 0.5835436180910967 0.7249546462406773 0.017700442427420724 0.004031445273130485
0 0.5624172835809494 0.7278774440636968 0.01969887947567786 0.00503930659141294
0 0.5415764400776959 0.719411408990123 0.02112633451014738 0.006450312437008776
0 0.5422901675949306 0.7336222535779077 0.021697316523935153 0.007055029227978293
0 0.50731751925043 0.7256601491634751 0.018842406454996276 0.006853456964321714
0 0.5408627125604613 0.70278169723846 0.025408699613555616 0.006450312437008776
0 0.5372940749742877 0.6890747833098165 0.020269861489465635 0.006853456964321714
0 0.5454305686707633 0.6569240072566015 0.02112633451014738 0.004837734327756582
0 0.5084594832780055 0.6529933481152993 0.01712946041363295 0.0044345898004434225
0 0.48904609480922145 0.6531949203789559 0.017700442427420724 0.006047167909695617
0 0.49175825937471335 0.6405966539004233 0.02112633451014738 0.006047167909695617
0 0.49090178635403175 0.6231606530941343 0.021697316523935153 0.00786131828260439
0 0.4614962126439618 0.6289054626083451 0.0182714244412085 0.005845595646039037
0 0.4619244491543026 0.5989719814553518 0.0182714244412085 0.006853456964321714
0 0.4689189788232027 0.5880870792178996 0.018842406454996276 0.006047167909695617
0 0.5077457557607709 0.5793186857488409 0.014845532358481848 0.008062890546260748
0 0.539007021015651 0.5872807901632735 0.0205553524963596 0.005845595646039037
0 0.577833797953219 0.5965531142914735 0.021697316523935153 0.004031445273130485
0 0.6103797727391218 0.6019955654101996 0.01969887947567786 0.005442451118726099
0 0.6110935002563564 0.5898004434589801 0.01712946041363295 0.006047167909695617
0 0.6375014183940406 0.5974601894779279 0.0182714244412085 0.0044345898004434225
0 0.6297931612079057 0.6226567224349929 0.01712946041363295 0.006047167909695617
0 0.5972471864220031 0.6246724450715582 0.011419640275755353 0.014311630719612944
0 0.5736941783532578 0.6277968151582343 0.009706694234392027 0.01290062487401733
0 0.5871122556772703 0.6399919371094538 0.015416514372269624 0.006853456964321714
0 0.612092718780485 0.6394880064503125 0.014274550344694072 0.00786131828260439
0 0.6289366881872241 0.6524894174561581 0.01712946041363295 0.007458173755291231
0 0.6466371306146449 0.6399919371094538 0.019127897461890087 0.007458173755291231
0 0.6786121233867598 0.6395887925821407 0.0205553524963596 0.006047167909695617
0 0.6453524210836225 0.7239467849223947 0.0182714244412085 0.008869179600886845
0 0.6336472898009732 0.7281798024591817 0.018842406454996276 0.005845595646039037
0 0.6710466117040719 0.7258617214271317 0.01684396940673914 0.005845595646039037
0 0.6763281953316087 0.7105422293892361 0.01684396940673914 0.00503930659141294
0 0.7038780774968684 0.6938117315057448 0.020269861489465635 0.007458173755291231
0 0.7110153526692155 0.734126184237049 0.01712946041363295 0.006853456964321714
0 0.687747835607364 0.7368474097964121 0.017700442427420724 0.004837734327756582
0 0.7063047510554664 0.6399919371094538 0.012561604303330903 0.005442451118726099
0 0.6880333266142579 0.5720620842572062 0.016272987392951365 0.006450312437008776
0 0.7081604426002767 0.5601693207014715 0.015416514372269702 0.00503930659141294
0 0.7103016251519807 0.5721628703890345 0.016843969406739063 0.005442451118726099
0 0.3443021543140229 0.46532957065107844 0.026836154648025017 0.008466035073573908
0 0.34330293578989424 0.4875025196532957 0.026836154648024975 0.006853456964321714
0 0.3353091875968655 0.5133037694013304 0.014845532358481926 0.005442451118726099
0 0.35529355807943735 0.5405160249949607 0.027692627668706678 0.008466035073573908
0 0.3968324995824973 0.49889135254988914 0.056241728358094864 0.010481757710139039
0 0.4370867315545348 0.5207619431566216 0.024552226592873875 0.007458173755291231
0 0.47234487090592936 0.522072162870389 0.023981244579086097 0.008869179600886845
0 0.5064610462297484 0.5215682322112477 0.023981244579086097 0.009070751864543425
0 0.5385787845053102 0.5210643015521065 0.021982807530828964 0.007458173755291231
0 0.5608470830430331 0.5324531344486999 0.0005709820137877754 0.0004031445273129375
0 0.2793529502456645 0.2697036887724249 0.024837717599767842 0.008062890546260859
0 0.2963396651558505 0.28804676476516833 0.0205553524963596 0.011489619028421716
0 0.29534044663172193 0.3176778875226769 0.02255378954461674 0.009877040919169522
0 0.2970533926730852 0.34660350735738765 0.021982807530828964 0.011489619028421716
0 0.3417327352519779 0.2621447288853054 0.021982807530828964 0.006450312437008665
0 0.3882677693756808 0.2788752267687966 0.016272987392951365 0.005442451118726099
0 0.38698305984465836 0.2876436202378553 0.018842406454996276 0.004837734327756471
0 0.47220212540248235 0.27907679903245314 0.011419640275755353 0.012497480346704282
0 0.4556436470026372 0.28582946986494656 0.01570200537916359 0.006450312437008665
0 0.43665849504419396 0.2818988107236444 0.01712946041363295 0.004837734327756471
0 0.42880749235461213 0.2883491231606531 0.017700442427420724 0.006853456964321714
0 0.41410470549957723 0.30376940133037694 0.020269861489465635 0.006450312437008665
0 0.36785516238276816 0.3000403144527313 0.017700442427420724 0.00786131828260428
0 0.3827006947412501 0.3019552509574683 0.014845532358481848 0.005442451118726099
0 0.3824152037343562 0.31798024591816165 0.01056316725507361 0.011892763555734764
0 0.3665704528517457 0.3293690788147551 0.01712946041363295 0.006047167909695617
0 0.3704245814448131 0.3527514613989115 0.008564730206816475 0.010884902237452088
0 0.37099556345860085 0.33964926426123765 0.0182714244412085 0.009070751864543425
0 0.40268506522382186 0.32695021165087684 0.009706694234392027 0.010884902237452088
0 0.397403481596285 0.31294093932674866 0.015416514372269624 0.0044345898004434225
0 0.4453659707544574 0.31576295101793994 0.014274550344694072 0.006853456964321714
0 0.4493628448509718 0.32412819995968556 0.013989059337800263 0.005039306591413051
0 0.45079029988544117 0.33662568030638984 0.0205553524963596 0.007055029227978182
0 0.4303776928925285 0.32493448901431166 0.01712946041363295 0.006853456964321714
0 0.4126772504651078 0.35496875629913327 0.015416514372269624 0.006450312437008665
0 0.4405126236372614 0.35013102197137674 0.0182714244412085 0.007055029227978182
0 0.4493628448509718 0.35597661761741584 0.012847095310224712 0.007055029227978182
0 0.47263036191282315 0.35597661761741584 0.015416514372269624 0.0044345898004434225
0 0.48133783762308663 0.33884297520661155 0.016272987392951365 0.007458173755291231
0 0.4799103825886172 0.318887321104616 0.016272987392951365 0.008062890546260859
0 0.4750570354714212 0.3035678290667204 0.016272987392951365 0.006853456964321714
0 0.49475591494709914 0.30175367869381176 0.013418077324012487 0.006450312437008665
0 0.5163104859675873 0.28663575891957266 0.015416514372269624 0.007458173755291231
0 0.497610825016038 0.2780689377141705 0.01712946041363295 0.005039306591413051
0 0.49646886098846243 0.27292884499092923 0.01969887947567786 0.005039306591413051
0 0.49161551387126645 0.2621447288853054 0.013989059337800263 0.006450312437008665
0 0.4592122845888107 0.2629510179399315 0.020269861489465635 0.005442451118726099
0 0.42038550765124266 0.2595242894577706 0.016272987392951365 0.004837734327756471
0 0.5053190822021728 0.2572062084257206 0.019127897461890087 0.006047167909695617
0 0.5431466406156122 0.2930860713565813 0.01712946041363295 0.008869179600886956
0 0.5624172835809494 0.3130417254585769 0.019127897461890087 0.006047167909695617
0 0.5311560183260692 0.3186857488409595 0.02112633451014738 0.006450312437008665
0 0.5091732107952402 0.3522475307397702 0.020269861489465635 0.005845595646039148
0 0.512028120864179 0.3421689175569442 0.015416514372269624 0.007458173755291231
0 0.5008939715953176 0.34781294093932674 0.01712946041363295 0.007055029227978182
0 0.5448595866569755 0.34861922999395284 0.0205553524963596 0.004837734327756471
0 0.5370085839673938 0.3364241080427333 0.019127897461890087 0.009473896391856473
0 0.5529960803534513 0.33158637371497685 0.0205553524963596 0.009070751864543425
0 0.5692690677464025 0.30014110058455956 0.018842406454996276 0.006047167909695617
0 0.5724094688222353 0.30598669623059865 0.021982807530828964 0.00786131828260428
0 0.5515686253189819 0.3193912517637573 0.01684396940673914 0.006047167909695617
0 0.5649867026429943 0.3198951824228986 0.018842406454996276 0.005845595646039148
0 0.5928220758151479 0.3283612174964725 0.0205553524963596 0.007055029227978182
0 0.594963258366852 0.3487200161257811 0.0182714244412085 0.008466035073573908
0 0.5765490884221965 0.3390445474702681 0.018842406454996276 0.007458173755291231
0 0.6383578914147223 0.3487200161257811 0.014845532358481848 0.005845595646039148
0 0.6322198347665038 0.3303769401330377 0.0205553524963596 0.0036283007458173255
0 0.6135201738149545 0.3280588591009877 0.012847095310224712 0.006450312437008665
0 0.6100942817322279 0.31263858093126384 0.01684396940673914 0.007458173755291231
0 0.6280802151665424 0.3066921991533965 0.0182714244412085 0.00786131828260428
0 0.6322198347665038 0.31808103204998994 0.01684396940673914 0.014916347510582573
0 0.5913946207806785 0.2750453537593227 0.01684396940673914 0.008062890546260859
0 0.5624172835809494 0.2833098165692401 0.019127897461890087 0.00786131828260428
0 0.5726949598291292 0.2667808909494054 0.0205553524963596 0.00786131828260428
0 0.5479999877328082 0.26708324934489014 0.019127897461890087 0.00786131828260428
0 0.5230195246295936 0.26738560774037495 0.019127897461890087 0.008466035073573908
0 0.6108080092494625 0.25760935295303367 0.06337900353044197 0.011892763555734764
0 0.6355029813457834 0.28159645232815966 0.017700442427420724 0.008466035073573908
0 0.6089523177046523 0.282503527514614 0.01712946041363295 0.008869179600886956
0 0.6110935002563564 0.2960088691796009 0.01684396940673914 0.006853456964321714
0 0.6115217367666972 0.3021568232211248 0.02255378954461674 0.004837734327756471
0 0.5437176226294 0.38631324329772226 0.020269861489465635 0.011086474501108667
0 0.5889679472220805 0.3930659141302157 0.012847095310224712 0.008466035073573908
0 0.57826203446356 0.4089901229590808 0.02112633451014738 0.008466035073573908
0 0.5354383834294775 0.40919169522273735 0.024837717599767842 0.007458173755291231
0 0.6165178293873402 0.4089901229590808 0.02112633451014738 0.008466035073573908
0 0.7030216044761868 0.13404555533158638 0.015416514372269624 0.005845595646039092
0 0.7011659129313765 0.14986897802862326 0.02198280753082904 0.006853456964321714
0 0.6963125658141804 0.16458375327554928 0.0182714244412085 0.005845595646039092
0 0.7427048544344365 0.14472888530538197 0.01884240645499612 0.008062890546260859
0 0.7255753940208035 0.15319492037895585 0.0182714244412085 0.006047167909695617
0 0.7417056359103079 0.15087683934690588 0.016843969406738983 0.0040314452731304296
0 0.7554092042412143 0.1757710139084862 0.009706694234392027 0.012497480346704282
0 0.7431330909447773 0.181112678895384 0.01570200537916343 0.006450312437008665
0 0.7248616665035688 0.18403547671840356 0.016843969406738983 0.006047167909695617
0 0.724147938986334 0.16468453940737754 0.016272987392951365 0.006047167909695617
0 0.7434185819516712 0.15732715178391454 0.0182714244412085 0.005442451118726044
0 0.8344902131508198 0.12850231808103205 0.019127897461890087 0.005442451118726044
0 0.8580432212195652 0.12799838742189074 0.0182714244412085 0.005845595646039092
0 0.9334128470395502 0.1674057649667406 0.016272987392951365 0.0088691796008869
0 0.8186454622682093 0.2470268091110663 0.023981244579086257 0.0048377343277565266
0 0.7477009470550795 0.2246522878451925 0.02112633451014722 0.006047167909695617
0 0.7038780774968684 0.21336424108042734 0.021697316523935153 0.009877040919169522
0 0.705020041524444 0.2338238258415642 0.019127897461890087 0.006853456964321714
0 0.6993102213865663 0.24370086676073371 0.01712946041363295 0.006047167909695617
0 0.7117290801864501 0.24944567627494457 0.009706694234392027 0.012094335819391233
0 0.7271455945587199 0.2639588792582141 0.019127897461890087 0.004837734327756471
0 0.7255753940208035 0.24208828865148155 0.01541651437226978 0.005039306591412995
0 0.7262891215380382 0.2323120338641403 0.014845532358481848 0.009070751864543425
0 0.7441323094689059 0.23352146744607943 0.014845532358481848 0.006047167909695617
0 0.74627349202061 0.24208828865148155 0.01712946041363295 0.006450312437008665
0 0.7592633328342817 0.24894174561580326 0.006851784165453306 0.013908486192299951
0 0.7455597645033754 0.256198347107438 0.0205553524963596 0.004837734327756471
0 0.8576149847092243 0.2458173755291272 0.02883459169628211 0.005845595646039092
0 0.8918739055364904 0.24622052005644024 0.02540869961355546 0.007055029227978238
0 0.8563302751782019 0.25841564200765976 0.028263609682494494 0.009877040919169522
0 0.9356967750947013 0.24773231203386414 0.02198280753082912 0.008062890546260859
0 0.8513341825575589 0.17315057448095142 0.023981244579086257 0.005442451118726044
0 0.821785863344042 0.32312033864140294 0.02740713666181291 0.005845595646039148
0 0.7081604426002767 0.28079016327353357 0.03511539384794756 0.006450312437008665
0 0.733997378724173 0.29631122757508566 0.04938994419264171 0.006450312437008665
0 0.7331409057034914 0.28512396694214875 0.04938994419264171 0.009070751864543425
0 0.709587897634746 0.2915742793791574 0.039683249958249685 0.005039306591413051
0 0.7254326485173566 0.37250554323725055 0.0570982013787766 0.009070751864543425
0 0.7392789623517099 0.39044547470268093 0.01884240645499612 0.0036283007458173255
0 0.7174389003243279 0.40314452731304173 0.012561604303330746 0.011489619028421716
0 0.7181526278415624 0.4212860310421286 0.009992185241285992 0.009877040919169522
0 0.7184381188484564 0.43761338439830677 0.01056316725507361 0.011892763555734764
0 0.7177243913312217 0.3856077403749244 0.008279239199922508 0.014916347510582573
0 0.7405636718827324 0.4282402741382786 0.012561604303330746 0.014311630719612944
0 0.8133638786406726 0.38470066518847007 0.012561604303330746 0.010481757710139039
0 0.8350611951646075 0.38984075791171136 0.01712946041363295 0.0036283007458173255
0 0.8323490305991157 0.4291473493247329 0.009992185241285992 0.012497480346704282
0 0.817075261730293 0.4042531747631526 0.008279239199922508 0.01834307599274343
0 0.8160760432061644 0.4212860310421286 0.009992185241285992 0.008466035073573908
0 0.8156478066958235 0.43841967345293287 0.013989059337800263 0.01290062487401733
0 0.8647522598815715 0.45736746623664587 0.026836154648024975 0.006853456964321714
0 0.7676853175376511 0.4580729691594437 0.03026204673075163 0.01007861318282599
0 0.8580432212195652 0.32241483571860513 0.024837717599767842 0.005845595646039148
0 0.8544745836333916 0.33007458173755294 0.028263609682494494 0.005442451118726099
0 0.8935868515778536 0.32261640798226165 0.02769262766870656 0.004837734327756471
0 0.9359822661015953 0.31052207216287037 0.01570200537916343 0.00786131828260428
0 0.8263537194543441 0.71900826446281 0.0182714244412085 0.006450312437008776
0 0.8057983669579847 0.6848417657730297 0.01056316725507361 0.013303769401330268
0 0.8213576268337013 0.6878653497278775 0.021697316523935153 0.00786131828260439
0 0.831635303081881 0.70278169723846 0.02112633451014722 0.0044345898004434225
0 0.831635303081881 0.7080225760935296 0.020269861489465635 0.004837734327756582
0 0.8090815135372643 0.7122555936303164 0.01541651437226978 0.00786131828260439
0 0.7923802896339722 0.7283813747228381 0.0182714244412085 0.007458173755291231
0 0.8270674469715789 0.7283813747228381 0.0205553524963596 0.007458173755291231
0 0.8516196735644528 0.7284821608546664 0.01570200537916343 0.005845595646039037
0 0.8683208974677449 0.6651884700665188 0.014845532358481848 0.007055029227978293
0 0.8501922185299834 0.6648861116710341 0.021697316523935153 0.010481757710139039
0 0.8326345216060096 0.6770812336222536 0.016272987392951365 0.005845595646039037
0 0.8544745836333916 0.6855472686958275 0.008279239199922508 0.010481757710139039
0 0.8794550467366065 0.6883692803870187 0.017700442427420884 0.007458173755291231
0 0.8928731240606189 0.6677081233622254 0.01570200537916343 0.007458173755291231
0 0.8961562706398986 0.6770812336222536 0.019698879475678017 0.006450312437008776
0 0.9131429855500846 0.6653900423301754 0.016272987392951365 0.004837734327756582
0 0.931271664487846 0.6658939729893166 0.014845532358481848 0.006450312437008776
0 0.9525407445014404 0.6658939729893166 0.01712946041363295 0.0044345898004434225
0 0.9905110484183268 0.6661963313848015 0.01541651437226978 0.007055029227978293
0 0.9705266779357551 0.664482967143721 0.017700442427420884 0.00786131828260439
0 0.9546819270531446 0.6768796613585971 0.016843969406738983 0.004837734327756582
0 0.9154269136052356 0.6829268292682927 0.009992185241285992 0.014916347510582462
0 0.9422630682532607 0.6871598468050796 0.021697316523935153 0.00786131828260439
0 0.9472591608739036 0.6963313848014513 0.019127897461890087 0.00786131828260439
0 0.9518270169842057 0.7065107841161057 0.01884240645499612 0.006450312437008776
0 0.9475446518807974 0.7187059060673251 0.01884240645499612 0.00503930659141294
0 0.9314144099912931 0.7132634549485991 0.01541651437226978 0.00786131828260439
0 0.8935868515778536 0.7068131425115904 0.01712946041363295 0.008466035073573908
0 0.8894472319778923 0.6961298125377948 0.023410262565298323 0.006853456964321714
0 0.8711758075366838 0.7125579520258013 0.01884240645499612 0.007055029227978293
0 0.8863068309020596 0.7200161257810925 0.0182714244412085 0.00786131828260439
0 0.8894472319778923 0.7273735134045556 0.021697316523935153 0.007458173755291231
0 0.9134284765569786 0.7281798024591817 0.019698879475678017 0.005845595646039037
0 0.9462599423497751 0.7266680104817577 0.023981244579086257 0.006047167909695617
0 0.9740953155219286 0.7279782301955251 0.024837717599767842 0.007458173755291231
0 0.9885126113700696 0.6875629913323926 0.01712946041363295 0.010481757710139039
0 0.9895118298941983 0.7122555936303164 0.019127897461890087 0.008466035073573908
0 0.8045136574269621 0.635859705704495 0.02740713666181291 0.006853456964321714
0 0.7939504901718886 0.618826849425519 0.024552226592873875 0.008466035073573908
0 0.843911416378318 0.6164079822616408 0.02255378954461674 0.010481757710139039
0 0.8686063884746389 0.6355573473090103 0.030833028744539248 0.010078613182826102
0 0.9021515817846701 0.6172142713162669 0.02198280753082912 0.006853456964321714
0 0.9264183173706501 0.6363636363636364 0.02740713666181291 0.008466035073573908
0 0.9656733308185591 0.6176174158435799 0.02255378954461674 0.008062890546260748
0 0.9842302462666614 0.6338439830679299 0.02883459169628211 0.010884902237452199
0 0.783244577413368 0.16065309413424714 0.0182714244412085 0.008062890546260859
0 0.8202156628061257 0.1599475912114493 0.02883459169628211 0.005442451118726044
0 0.8563302751782019 0.15964523281596452 0.019698879475678017 0.0048377343277565266
0 0.8921593965433842 0.16035073573876235 0.02198280753082912 0.006853456964321714
0 0.9197092787086439 0.15964523281596452 0.01884240645499612 0.003426728482160857
0 0.8020869838683642 0.5051400927232413 0.02740713666181291 0.006853456964321714
0 0.8606126402816101 0.5039306591413022 0.029405573710070045 0.007055029227978293
0 0.9201375152189847 0.5041322314049587 0.03026204673075163 0.006853456964321714
0 0.9810898451908288 0.5039306591413022 0.02740713666181291 0.00503930659141294
0 0.8069403309855601 0.5308405563394477 0.017700442427420884 0.006047167909695617
0 0.8287803930129422 0.534065712557952 0.019127897461890087 0.005845595646039037
0 0.8661797149160407 0.5349727877444064 0.01712946041363295 0.005442451118726099
0 0.8847366303641433 0.5339649264261238 0.013989059337800263 0.005442451118726099
0 0.9077186564191008 0.5329570651078411 0.017700442427420884 0.007458173755291231
0 0.9264183173706501 0.534468857085265 0.016843969406738983 0.005845595646039037
0 0.948686615908373 0.534468857085265 0.02112633451014722 0.006450312437008776
0 0.970812168942649 0.5325539205805281 0.0182714244412085 0.006853456964321714
0 0.9860859378114717 0.5334609957669825 0.01427455034469423 0.0044345898004434225
0 0.8778848461986901 0.5596653900423302 0.01570200537916343 0.006047167909695617
0 0.8815962292883106 0.5683329973795606 0.01712946041363295 0.007055029227978293
0 0.9112872940052744 0.5679298528522475 0.009706694234392027 0.012497480346704393
0 0.9374097211360646 0.5606732513606127 0.016843969406738983 0.006047167909695617
0 0.951113289466971 0.5469663374319693 0.019127897461890087 0.00503930659141294
0 0.9829455367356389 0.5568433783511388 0.019698879475678017 0.006450312437008776
0 0.98522946479079 0.5796210441443257 0.020269861489465635 0.005442451118726099
0 0.9693847139081796 0.5970570449506148 0.019127897461890087 0.007055029227978293
0 0.9454034693290934 0.5982664785325539 0.0182714244412085 0.005442451118726099
0 0.9081468929294416 0.5986696230598669 0.01570200537916343 0.004837734327756582
0 0.8858785943917188 0.5986696230598669 0.01712946041363295 0.006853456964321714
0 0.8477655449713855 0.5987704091916952 0.01570200537916343 0.005845595646039037
0 0.8237843003922992 0.5974601894779279 0.016843969406738983 0.006450312437008776
0 0.821785863344042 0.5896996573271518 0.014845532358481848 0.005845595646039037
0 0.829065884019836 0.5753880266075388 0.016843969406738983 0.005845595646039037
0 0.8069403309855601 0.5822414835718606 0.01884240645499612 0.005845595646039037
0 0.7882406700340108 0.5969562588187866 0.016843969406738983 0.005442451118726099
0 0.8185027167647624 0.5588591009877041 0.01884240645499612 0.00503930659141294
0 0.8252117554267687 0.547974198750252 0.017700442427420884 0.007055029227978293
0 0.7916665621167374 0.5569441644829671 0.013989059337800263 0.010884902237452199
0 0.8520479100747936 0.5571457367466237 0.009135712220604407 0.012497480346704393
0 0.8923021420468311 0.5488812739367063 0.017700442427420884 0.006853456964321714
0 0.929273227439589 0.5805281193307801 0.021697316523935153 0.005845595646039037
0 0.948972106915267 0.5748840959483975 0.01884240645499612 0.006047167909695617
0 0.9422630682532607 0.5661157024793388 0.0205553524963596 0.005442451118726099
0 0.8894472319778923 0.5743801652892562 0.01570200537916343 0.007055029227978293
0 0.9034362913156926 0.5862729288449909 0.0005709820137876182 0.0004031445273129375
0 0.8668934424332755 0.5808304777262648 0.016843969406738983 0.00503930659141294
0 0.8827381933158861 0.5896996573271518 0.014845532358481848 0.00503930659141294
0 0.9444042508049647 0.5887925821406974 0.016272987392951365 0.005442451118726099
0 0.5881257487517436 0.12908889336827253 0.018736774782445523 0.0076395887925821415
0 0.6045643209286934 0.6898105220721629 0.018776743523410716 0.006014916347510502
0 0.5723095469698225 0.6557004636162064 0.011436769736168985 0.014122152791775866
0 0.5841460041156428 0.6555392058052812 0.009041500188329197 0.011344486998589032
0 0.5979637688493068 0.6546926022979238 0.013209668888979943 0.01701269905261027
0 0.6063600593620558 0.65397298931667 0.011710841102787091 0.013265470671235624
0 0.5530303392742785 0.6312074178593026 0.020675258719255026 0.005629913323926594
0 0.5315528508256517 0.6284620036283007 0.018559770358171274 0.006272928844990977
0 0.5360721734647819 0.6008062890546261 0.019778816957608247 0.008024591816166105
0 0.8084248842214082 0.6665712557952026 0.025337326861831967 0.008627292884499038
0 0.9686624216607379 0.4282745414231002 0.018348507013069924 0.0072908687764563496
0 0.991701244813278 0.428466796875 0.016597510373443983 0.00732421875
0 0.9927385892116183 0.447509765625 0.014522821576763486 0.00732421875
0 0.9937759336099585 0.455322265625 0.012448132780082987 0.00537109375
0 0.9697786914976931 0.3709151380770006 0.014648543563725162 0.005321507760532196
0 0.991701244813278 0.37939453125 0.016597510373443983 0.005859375
0 0.9913554633471646 0.38330078125 0.017289073305670817 0.0048828125
0 0.9679372745032274 0.29268494255190486 0.016895357787980035 0.004775246926022936
0 0.9772614107883818 0.24848014513202984 0.013189684518497346 0.005273130417254579
0 0.9907936845151518 0.24906268897399716 0.013335284932013294 0.006117718201975431
0 0.9905881309901883 0.2576859504132232 0.015664891548267203 0.005325539205805252
0 0.9763392748361145 0.2602015722636565 0.014991132771997796 0.006486595444466836
0 0.965630507167525 0.27579520258012497 0.016390038705777665 0.006109655311429152
0 0.5234135022191071 0.6480064503124371 0.017452065251422986 0.005363837935900007
0 0.554220836773026 0.6464180608748237 0.01723794699625267 0.005216690183430739
0 0.5101353154884726 0.6403749244104011 0.01770329733748969 0.005244910300342687
0 0.4953468813313695 0.738947792783713 0.02059532123732464 0.005019149365047326
0 0.592862044556113 0.7355734730901028 0.01892519884699547 0.005208627292884405