0 0.21584489941977864 0.7150282118055555 0.021634332745443813 0.023621961805555536
0 0.23238759808808115 0.7175021701388888 0.02026429466042989 0.024555121527777946
0 0.2511131559440738 0.7092990451388889 0.016813639035861222 0.024446614583333304
0 0.2624875392991335 0.7108778211805555 0.018884032410602422 0.02451171874999991
0 0.3230887201901695 0.7582085503472222 0.0202438463308028 0.022601996527777724
0 0.3465097257367789 0.7630967881944444 0.017488433913554716 0.02300347222222232
0 0.36855813715717095 0.7672092013888889 0.017488433913554716 0.02300347222222232
0 0.39131968407330725 0.7691460503472223 0.017488433913554716 0.02300347222222232
0 0.4943894895585717 0.7824001736111111 0.016798302788640983 0.022981770833333304
0 0.4592899317536999 0.7720160590277778 0.0325844132607418 0.015180121527777812
0 0.6001431383073895 0.8030653211805556 0.0429568284640749 0.01745876736111107
0 0.569649566751016 0.78134765625 0.038151471001712546 0.01974826388888884
0 0.5463614753469827 0.7637641059027778 0.0325844132607418 0.015180121527777812
0 0.5286890064667843 0.7373209635416667 0.023029931242491676 0.025130208333333348
0 0.5469570329473711 0.7398491753472223 0.021665005239884447 0.026551649305555536
0 0.5648748817830943 0.7428548177083333 0.018204125450502234 0.025466579861111116
0 0.5779567006620147 0.7461968315972223 0.020990210362190953 0.02799479166666652
0 0.5951920864964343 0.7484483506944445 0.023065715819339003 0.028548177083333348
0 0.620351200061345 0.7521701388888888 0.020990210362190953 0.02799479166666652
0 0.6386192265419318 0.7546983506944445 0.02096464995015717 0.02555338541666652
0 0.6541139483168469 0.7583604600694445 0.02237047261201842 0.028038194444444553
0 0.6619200981519823 0.7710611979166666 0.030514019886000603 0.015115017361110983
0 0.5973826138077346 0.7700086805555556 0.03604018096771716 0.015776909722222232
0 0.43849142448176265 0.7474283854166667 0.0325895253431485 0.015668402777777812
0 0.4251897860593513 0.7321126302083334 0.029849449173120653 0.01753472222222241
0 0.45999539912583387 0.7376030815972222 0.03605040513253071 0.016753472222222232
0 0.44947217749150115 0.7206651475694444 0.03394422718094218 0.013270399305555625
0 0.5038928507527541 0.7319010416666667 0.03395956342816242 0.014735243055555625
0 0.5273598650410244 0.6994249131944444 0.01819901336809554 0.024978298611111116
0 0.32095442578534367 0.6983072916666666 0.030503795721187058 0.014138454861110983
0 0.2931625897809472 0.7152615017361111 0.02440508140991229 0.02468532986111116
0 0.26473429951690824 0.6940972222222223 0.03120926309332103 0.015625
0 0.24568923651049254 0.6668782552083333 0.021659893157477676 0.026063368055555536
0 0.22847429900570002 0.6626736111111111 0.024415305574725838 0.02566189236111116
0 0.24029343353014854 0.6217719184027778 0.022983922500830645 0.020735677083333348
0 0.26906423331544105 0.6102213541666667 0.020254070495616346 0.023578559027777724
0 0.25139432047644605 0.5835340711805556 0.02374562277943919 0.027593315972222143
0 0.26898499603813614 0.5848198784722223 0.022309127623137307 0.022178819444444553
0 0.28516218081435474 0.5892361111111111 0.01610817166372725 0.022960069444444287
0 0.33874702860210104 0.6473361545138889 0.03747156404161236 0.020703124999999822
0 0.3127929862229379 0.6536024305555556 0.03673542417503775 0.016286892361111027
0 0.39450706745392733 0.6625217013888889 0.03119392684610079 0.01416015625
0 0.4143726196866293 0.6773111979166666 0.03744089154717172 0.017773437499999822
0 0.4447179408532066 0.6802191840277778 0.03191984254786185 0.017599826388889017
0 0.4709020269406743 0.6519802517361111 0.018204125450502234 0.025466579861111116
0 0.40294967154870537 0.6474012586805555 0.024430641821946233 0.02712673611111116
0 0.4201646090534979 0.6516059027777777 0.021649668992664208 0.025086805555555536
0 0.43326943230324877 0.6527506510416667 0.019589499782736396 0.02599826388888893
0 0.30875699716279426 0.5775227864583334 0.022344912199984635 0.025596788194444553
0 0.32773049101551516 0.5786078559027779 0.01891470490504306 0.02744140624999991
0 0.3432252127904302 0.5822699652777777 0.021705901899138628 0.030457899305555536
0 0.35770518620760167 0.5839463975694444 0.019589499782736552 0.02599826388888893
0 0.3745571658615137 0.5898491753472223 0.019609948112363485 0.02795138888888893
0 0.389029471155075 0.5922580295138888 0.02237047261201842 0.028038194444444553
0 0.40521432405490376 0.5959418402777777 0.021721238146358866 0.031922743055555536
0 0.4200444751169388 0.5971408420138888 0.024456202233980016 0.02956814236111116
0 0.43624466426398795 0.5993598090277779 0.022385808859238816 0.029503038194444553
0 0.4507297497635662 0.6005479600694446 0.02237047261201842 0.028038194444444553
0 0.4647087391048743 0.6171061197916667 0.03676098458707169 0.01872829861111125
0 0.47629271783861155 0.5986653645833333 0.023075939984152548 0.029524739583333348
0 0.5032845129463487 0.6251573350694444 0.03398001175778951 0.016688368055555625
0 0.5240906883418961 0.6160427517361111 0.0243846330802852 0.02273220486111116
0 0.5011476625003195 0.5984700520833333 0.020954425785343622 0.02457682291666652
0 0.5551261406333869 0.5860026041666666 0.024420417657132532 0.02615017361111116
0 0.5685785854867981 0.6198838975694445 0.031924954630268544 0.018088107638889017
0 0.507151803287069 0.6843804253472223 0.030514019886000603 0.015115017361110983
0 0.5182526902333666 0.6791124131944445 0.02635278480689111 0.013031684027777768
0 0.5270531400966184 0.6627821180555555 0.03742044321754463 0.015820312500000044
0 0.5285151956649541 0.6550130208333333 0.03189428213582807 0.015158420138889017
0 0.557700074125195 0.6698513454861111 0.03120926309332103 0.015625
0 0.5560872121258594 0.6920247395833333 0.03188917005342137 0.014670138888888795
0 0.5791375916979782 0.6993435329861111 0.034670142882703245 0.01671006944444442
0 0.6742121002990569 0.7179633246527777 0.03048334739155981 0.012185329861110983
0 0.6803798277228229 0.6893391927083333 0.0346701428827034 0.01671006944444442
0 0.69145771029829 0.6532986111111112 0.025795567824553303 0.02570529513888875
0 0.684725097768576 0.6699381510416667 0.0346599187178897 0.01573350694444442
0 0.6422845896275848 0.6353895399305556 0.021649668992664208 0.025086805555555536
0 0.6359251591135648 0.616384548611111 0.03879048130255871 0.014887152777777857
0 0.6212790430181735 0.6305772569444444 0.0325844132607418 0.015180121527777812
0 0.6182731385629936 0.6209581163194444 0.03395956342816257 0.014735243055555625
0 0.6951588579607902 0.6294813368055556 0.020264294660430046 0.024555121527777946
0 0.6684456713442221 0.5763780381944444 0.03605040513253071 0.016753472222222232
0 0.5732331365181607 0.6039116753472222 0.025079876287605787 0.023242187499999956
0 0.33487718222017737 0.7202365451388889 0.024379520997878507 0.02224392361111116
0 0.3503923523247195 0.7219455295138889 0.020954425785343622 0.02457682291666674
0 0.3665797612657516 0.7253851996527778 0.02444597806916647 0.02859157986111116
0 0.31178846203000793 0.6836100260416667 0.020238734248396107 0.022113715277777724