0 0.27982516678168856 0.766845703125 0.046387035759016475 0.02001953125
0 0.3775758505227104 0.748046875 0.057490478746517325 0.021484375
0 0.47273726452470416 0.766357421875 0.0553791887125221 0.0205078125
0 0.6074329678194412 0.837646484375 0.08333205531273166 0.02880859375
0 0.598070188891445 0.789306640625 0.05889118932597204 0.02197265625
0 0.1994785675945096 0.62548828125 0.07265291516499245 0.02099609375
0 0.11625897809472688 0.585693359375 0.03790097896378089 0.01513671875
0 0.24995015719653402 0.59033203125 0.030370881578610974 0.0166015625
0 0.16783222145540988 0.5654296875 0.023346880351711292 0.013671875
0 0.1954246862459423 0.573974609375 0.022820335863814083 0.017578125
0 0.15840554149732897 0.5927734375 0.01872044577358586 0.0185546875
0 0.17210592234746824 0.59521484375 0.018781790762467093 0.02001953125
0 0.30273240804641766 0.598876953125 0.024302839761777 0.02001953125
0 0.4633591493494875 0.6689453125 0.048457429133757675 0.02001953125
0 0.22212509265649363 0.447265625 0.028786136032512843 0.01171875
0 0.23261508575518236 0.46044921875 0.01865910078470467 0.01708984375
0 0.24633335889374539 0.470703125 0.015919024614676747 0.017578125
0 0.196181274442144 0.45703125 0.019410576898499593 0.0185546875
0 0.15932060424814048 0.488525390625 0.02172635022876568 0.0244140625
0 0.16816961889425655 0.491455078125 0.017948521330163846 0.0166015625
0 0.20583799810852949 0.506591796875 0.025253687089435893 0.009765625
0 0.19630652046110986 0.51171875 0.03024819160084859 0.013671875
0 0.17410730260971807 0.522705078125 0.01656825908033638 0.0166015625
0 0.20102752856376044 0.5390625 0.017299286864504215 0.017578125
0 0.18325793011783348 0.534912109375 0.01863865245507758 0.0166015625
0 0.2400685019042507 0.51318359375 0.01671139738772593 0.02001953125
0 0.24887661989111268 0.51708984375 0.01673184571735302 0.0205078125
0 0.25531017560003066 0.52001953125 0.01453876236484928 0.017578125
0 0.29624261943102526 0.5478515625 0.02322419037394887 0.0107421875
0 0.27390793139585407 0.50439453125 0.02322419037394887 0.0107421875
0 0.26252332387598093 0.49609375 0.03225723998670852 0.01220703125
0 0.21940290877488944 0.487548828125 0.02462490095340335 0.01123046875
0 0.41173734120594024 0.484375 0.02253405924903514 0.0107421875
0 0.3900595557600389 0.548828125 0.015510058022135263 0.0078125
0 0.3482324975078598 0.558837890625 0.028034659918717918 0.01025390625
0 0.3125987270914807 0.56103515625 0.019267438591110124 0.01513671875
0 0.39337985328323494 0.57666015625 0.019773534749380203 0.0107421875
0 0.42439485724509884 0.57763671875 0.018638652455077502 0.0166015625
0 0.4397924494542852 0.53955078125 0.015269790149017193 0.0185546875
0 0.40312859443294224 0.525146484375 0.019349231909618327 0.01708984375
0 0.3712036398026736 0.512939453125 0.013766837921427343 0.015625
0 0.36152135572425426 0.513427734375 0.01589857628504966 0.01708984375
0 0.34343992025151443 0.533203125 0.01723794187562302 0.01611328125
0 0.33701658870740997 0.530029296875 0.01654781075070937 0.01611328125
0 0.3313396211946936 0.509033203125 0.01654781075070937 0.01611328125
0 0.3053906908979373 0.50244140625 0.025376377067198353 0.0126953125
0 0.32115124095800424 0.505126953125 0.019451473557753774 0.01953125
0 0.3515630191958694 0.553466796875 0.02456355596452216 0.009765625
0 0.3290085116172073 0.4658203125 0.0049127111929044166 0.001953125
0 0.30051120824067684 0.46240234375 0.02813690156685329 0.0126953125
0 0.45688725302251876 0.625732421875 0.028929274339902392 0.01513671875
0 0.5171587045983181 0.63671875 0.032967819441249505 0.0126953125
0 0.5509240088950234 0.6708984375 0.027385425453058363 0.01123046875
0 0.5583467525496512 0.658447265625 0.024727142601538722 0.013671875
0 0.5630907650231322 0.64404296875 0.027324080464177093 0.009765625
0 0.6041152263374485 0.669677734375 0.018618204125450413 0.01611328125
0 0.5709505917235386 0.62939453125 0.027487667101193655 0.013671875
0 0.5768831633565933 0.611328125 0.025335480407944252 0.01171875
0 0.5340950336119419 0.611328125 0.020182501341921687 0.0205078125
0 0.5230273752012883 0.595458984375 0.0201620530122946 0.02001953125
0 0.4728139457608057 0.583251953125 0.01880223909209422 0.0205078125
0 0.5374204432175447 0.556640625 0.017866728011655408 0.0146484375
0 0.4884134652250594 0.548583984375 0.015837231296168545 0.015625
0 0.5348030570252792 0.520263671875 0.02606650819211201 0.0126953125
0 0.5082866855813716 0.5107421875 0.017401528512639663 0.02001953125
0 0.49029215550954686 0.511962890625 0.018699997443958772 0.01806640625
0 0.5240881323006927 0.4794921875 0.019390128568872504 0.01806640625
0 0.5368146614523426 0.48046875 0.017360631853385485 0.01904296875
0 0.556529407254045 0.495849609375 0.021501418602867885 0.01904296875
0 0.5770365258287964 0.475830078125 0.017846279682028475 0.01416015625
0 0.5889400097129566 0.47998046875 0.015167548500881744 0.01611328125
0 0.5978196968535133 0.482177734375 0.01857730746619639 0.01513671875
0 0.5983104567645631 0.50341796875 0.01667050072847175 0.01904296875
0 0.6074738644786954 0.507080078125 0.01453876236484928 0.017578125
0 0.6174603174603175 0.507568359375 0.01665005239884466 0.0185546875
0 0.6273240804641771 0.510986328125 0.0151675485008819 0.01611328125
0 0.5840630830968996 0.596435546875 0.028136901566853365 0.0126953125
0 0.5898116197633106 0.582763671875 0.02959895713518888 0.0146484375
0 0.59765099813409 0.568603515625 0.02878613603251292 0.01171875
0 0.6299210183268155 0.61376953125 0.017887176341282656 0.01513671875
0 0.6081128747795415 0.541259765625 0.020831735807581242 0.01953125
0 0.6736574393579224 0.533447265625 0.018699997443958772 0.01806640625
0 0.7097078444904533 0.529541015625 0.02003936303453206 0.01708984375
0 0.7490734350637732 0.537109375 0.019308335250364145 0.01611328125
0 0.7640518365156046 0.5419921875 0.019410576898499593 0.0185546875