0 0.28937709275873524 0.7628038194444444 0.04597806916647499 0.020746527777777857
0 0.3870485392224522 0.7449598524305556 0.05706106382434891 0.022757523148148273
0 0.4822278455128697 0.7637460214120371 0.054970222119980615 0.021770109953703543
0 0.6166551644812515 0.8360315393518518 0.08274927791836006 0.030215567129629584
0 0.6073205020064923 0.7875018084490741 0.05845155023898992 0.023253038194444464
0 0.2095417018122332 0.6209038628472222 0.0722337244076375 0.022348813657407485
0 0.1265444878971449 0.5805718315972223 0.037594254019374815 0.015820312500000044
0 0.2602970119878333 0.5862178096064815 0.03002325997495076 0.016757089120370328
0 0.17802315773330268 0.5607729311342593 0.023070827901745777 0.014279513888888928
0 0.20579454540807196 0.5691713686342592 0.02245226593052678 0.017693865740740833
0 0.1688290775247297 0.5879177517361112 0.0190220586355852 0.01865234374999991
0 0.18257546711652992 0.5905309606481481 0.019052731130025837 0.02011718749999991
0 0.31290289599468346 0.5949743200231481 0.024573780129335705 0.02014612268518512
0 0.47323058047695726 0.6661476417824075 0.04804846254121619 0.020757378472222143
0 0.23293714694680875 0.44282226562500004 0.028550980241801544 0.012355324074074137
0 0.24335812693300615 0.4559497974537037 0.01830125501623083 0.017183883101851816
0 0.25728599545024666 0.46637369791666666 0.01625130997111672 0.018149594907407418
0 0.20685785854867983 0.4524793836805555 0.019712189760498936 0.01865596064814823
0 0.1699767400250492 0.4836751302083333 0.021905273113002596 0.024526186342592515
0 0.1788870996600465 0.4865577980324074 0.01760089972650363 0.01669198495370372
0 0.21617207269381183 0.5019856770833333 0.025059427957978695 0.010384114583333437
0 0.20709301433939115 0.5071596498842592 0.029972139150883113 0.014315682870370328
0 0.18443882115379698 0.5180193865740741 0.01691076860158982 0.016688368055555625
0 0.21135137898422923 0.5344780815972222 0.01693121693121691 0.017664930555555625
0 0.19384505278225087 0.5301757812500001 0.018981161976331023 0.01669921874999991
0 0.25053037854970217 0.5088849103009259 0.016982337755284634 0.020106336805555625
0 0.25942028985507243 0.512744140625 0.016302430795184446 0.02059100115740753
0 0.26591007847046494 0.5158836082175926 0.014170692431561976 0.01765046296296302
0 0.3067249444061038 0.5439869068287038 0.023009482912864587 0.011349826388888928
0 0.28452572655471203 0.5001627604166666 0.02299925874805104 0.010861545138888928
0 0.27296730823300874 0.4919234664351852 0.03201186003118376 0.012861689814814836
0 0.2300232599749508 0.48311631944444444 0.024399969327505596 0.01184534143518523
0 0.4222452265930527 0.4811324508101852 0.022309127623137307 0.010857928240740722
0 0.40053676865271065 0.5456922743055556 0.015346471385118859 0.007892071759259212
0 0.3582445109015157 0.5551902488425926 0.027830176622447175 0.010886863425926041
0 0.32301203895406794 0.5570836950231481 0.01964062060680412 0.015237991898148229
0 0.4037497124453646 0.5735044126157407 0.020238734248396107 0.010847077546296324
0 0.4347800526544488 0.5745623553240741 0.018981161976331023 0.01669921874999991
0 0.45006006696827955 0.536888744212963 0.014881271886102799 0.018630642361111116
0 0.41380006645707124 0.5219437210648148 0.018991386141144723 0.01718749999999991
0 0.3816297318712778 0.5094184027777777 0.013439664647394062 0.015693721064814703
0 0.371957671957672 0.5099573206018518 0.015540730516575898 0.01716941550925921
0 0.3539503616798303 0.5295808015046296 0.01759067556169001 0.01620370370370372
0 0.3474605730644378 0.5264413339120371 0.01691076860158982 0.016688368055555625
0 0.3416890320271963 0.5054777922453704 0.01691076860158982 0.016688368055555625
0 0.31595736523272755 0.4985333478009259 0.025120772946859965 0.013313802083333326
0 0.33142397055440537 0.5013816550925926 0.019732638090126025 0.01963252314814823
0 0.3618025202566265 0.5500452112268519 0.02435907266825142 0.00989221643518512
0 0.33948828055108254 0.462281177662037 0.004871814533650315 0.0019784432870371127
0 0.3112746977481277 0.4585232204861111 0.0278812974465149 0.01332826967592593
0 0.466889042251361 0.6229727285879629 0.028612325230682814 0.015285011574074137
0 0.5270301357257879 0.634375 0.03271221532091104 0.013353587962962932
0 0.5608107762697135 0.6688621238425926 0.027150269662346987 0.011371527777777724
0 0.5683178692840529 0.656372974537037 0.02444086598675962 0.01379846643518512
0 0.5727551568131278 0.6421911168981482 0.02711959716790635 0.009906684027777946
0 0.6139662091352913 0.6678512008101851 0.0182808066866039 0.016207320601851816
0 0.5809983896940418 0.6275010850694445 0.027891521611328445 0.013816550925926041
0 0.5868977327914526 0.6094057436342593 0.025090100452419332 0.011848958333333215
0 0.5441198272116147 0.6091417100694445 0.02044321754466685 0.020612702546296102
0 0.5330700610893848 0.593088107638889 0.019742862254939413 0.020120804398148007
0 0.48295631725583416 0.5806568287037037 0.01906295529483938 0.02060546874999991
0 0.5476752805255221 0.554685691550926 0.01825013419216311 0.014742476851851816
0 0.49851494006083374 0.5461552372685186 0.016200189147048998 0.01570818865740753
0 0.5453365028244255 0.5180808738425926 0.0258109040717737 0.013317418981481532
0 0.5186309843314675 0.5082121672453703 0.017672468880198213 0.02010995370370372
0 0.5006620146716765 0.5095269097222223 0.018321703345857924 0.018160445601851816
0 0.5344631035452292 0.4771267361111111 0.01970196559568539 0.018167679398148118
0 0.5472049689440993 0.47828052662037035 0.016961889425657545 0.019129774305555625
0 0.5668915982925645 0.49380063657407414 0.02110267617513995 0.01915147569444442
0 0.5873194795900111 0.4739203559027778 0.017549778902435986 0.01425057870370372
0 0.5993098688750863 0.47800745081018514 0.015530506351762353 0.01668113425925921
0 0.608575518237354 0.4804000289351852 0.0182705825217902 0.015719039351851816
0 0.6088208981928789 0.501636646412037 0.016961889425657545 0.019129774305555625
0 0.618055875060706 0.505494068287037 0.01486082355647571 0.017654079861111116
0 0.6280525522071415 0.505929904513889 0.016261534135930268 0.01863787615740753
0 0.637642818802239 0.5092972366898149 0.014830151062035075 0.016189236111111116
0 0.594450834547453 0.5947193287037038 0.0278812974465149 0.013328269675926041
0 0.5999182066814917 0.5807761863425926 0.029292232190782846 0.014800347222222232
0 0.6078010377527285 0.5668203848379629 0.028550980241801544 0.012355324074074137
0 0.6399713723385221 0.6123010706018519 0.017570227232063078 0.01522714120370372
0 0.6183804922935358 0.5394241898148149 0.021112900339953493 0.019639756944444642
0 0.6837410219052731 0.5322464554398147 0.0190220586355852 0.01865234374999991
0 0.7200444751169389 0.5286385995370371 0.019681517266058456 0.017191116898148007
0 0.7592183626000051 0.5362449363425925 0.019661068936431367 0.016214554398148007
0 0.7742887815351582 0.5415364583333333 0.0190220586355852 0.01865234374999991