0 0.16455078125 0.6823204419889503 0.01171875 0.018646408839779006
0 0.17431640625 0.6964779005524862 0.0078125 0.011740331491712707
0 0.209228515625 0.7158149171270718 0.0087890625 0.017955801104972375
0 0.144775390625 0.6999309392265194 0.0078125 0.017955801104972375
0 0.149169921875 0.5901243093922652 0.01220703125 0.031077348066298343
0 0.166748046875 0.5956491712707183 0.00927734375 0.020027624309392266
0 0.182861328125 0.599792817679558 0.01025390625 0.022099447513812154
0 0.193115234375 0.6253453038674033 0.0078125 0.013812154696132596
0 0.174072265625 0.6529696132596685 0.00927734375 0.017955801104972375
0 0.201904296875 0.6664364640883977 0.0087890625 0.015193370165745856
0 0.211669921875 0.6830110497237569 0.0087890625 0.015193370165745856
0 0.2158203125 0.7026933701657458 0.0087890625 0.016574585635359115
0 0.240966796875 0.6954419889502762 0.01025390625 0.020027624309392266
0 0.255126953125 0.7403314917127072 0.0087890625 0.017955801104972375
0 0.269287109375 0.6843922651933702 0.01171875 0.021408839779005526
0 0.248291015625 0.680939226519337 0.009765625 0.020027624309392266
0 0.258056640625 0.638121546961326 0.01123046875 0.024171270718232045
0 0.23095703125 0.6477900552486188 0.01123046875 0.025552486187845305
0 0.2158203125 0.6550414364640884 0.0087890625 0.017955801104972375
0 0.305908203125 0.7386049723756906 0.009765625 0.019337016574585635
0 0.284912109375 0.6992403314917127 0.0107421875 0.021408839779005526
0 0.294189453125 0.6788674033149171 0.0126953125 0.024171270718232045
0 0.31591796875 0.6647099447513812 0.01220703125 0.03038674033149171
0 0.310791015625 0.6495165745856354 0.009765625 0.024171270718232045
0 0.2958984375 0.6591850828729282 0.0078125 0.017955801104972375
0 0.28369140625 0.6557320441988951 0.009765625 0.020027624309392266
0 0.25146484375 0.6277624309392266 0.009765625 0.017955801104972375
0 0.261962890625 0.5897790055248618 0.00830078125 0.018646408839779006
0 0.2568359375 0.581146408839779 0.01123046875 0.019337016574585635
0 0.292236328125 0.587707182320442 0.01171875 0.018646408839779006
0 0.302734375 0.6080801104972375 0.01025390625 0.022099447513812154
0 0.30078125 0.6332872928176796 0.0107421875 0.020027624309392266
0 0.325927734375 0.6001381215469613 0.01318359375 0.022099447513812154
0 0.1171875 0.5234806629834254 0.0126953125 0.020027624309392266
0 0.074462890625 0.5345303867403315 0.0126953125 0.019337016574585635
0 0.198486328125 0.5314226519337016 0.0126953125 0.018646408839779006
0 0.1494140625 0.4796270718232044 0.01123046875 0.023480662983425413
0 0.1083984375 0.480317679558011 0.01318359375 0.022099447513812154
0 0.12744140625 0.493439226519337 0.01318359375 0.017955801104972375
0 0.09521484375 0.4191988950276243 0.01416015625 0.024861878453038673
0 0.11474609375 0.4185082872928177 0.01171875 0.020718232044198894
0 0.12646484375 0.443024861878453 0.01123046875 0.018646408839779006
0 0.158447265625 0.4447513812154696 0.01025390625 0.018646408839779006
0 0.166748046875 0.4471685082872928 0.009765625 0.018646408839779006
0 0.135009765625 0.40400552486187846 0.01318359375 0.017265193370165747
0 0.115966796875 0.36015193370165743 0.009765625 0.023480662983425413
0 0.12744140625 0.3615331491712707 0.01025390625 0.020718232044198894
0 0.147705078125 0.3819060773480663 0.01025390625 0.020718232044198894
0 0.169189453125 0.40814917127071826 0.01171875 0.020027624309392266
0 0.192138671875 0.39709944751381215 0.0126953125 0.022790055248618785
0 0.213623046875 0.42955801104972374 0.0107421875 0.023480662983425413
0 0.201904296875 0.4564917127071823 0.01025390625 0.018646408839779006
0 0.18359375 0.46892265193370164 0.01025390625 0.023480662983425413
0 0.138671875 0.22410220994475138 0.02490234375 0.06767955801104972
0 0.13916015625 0.3118093922651934 0.013671875 0.023480662983425413
0 0.148193359375 0.324585635359116 0.0068359375 0.013121546961325966
0 0.15673828125 0.33252762430939226 0.0107421875 0.020027624309392266
0 0.166748046875 0.3356353591160221 0.0078125 0.017955801104972375
0 0.160888671875 0.356353591160221 0.01171875 0.018646408839779006
0 0.19189453125 0.3639502762430939 0.0087890625 0.017955801104972375
0 0.215576171875 0.3736187845303867 0.00927734375 0.017955801104972375
0 0.23828125 0.556975138121547 0.0087890625 0.018646408839779006
0 0.22998046875 0.5300414364640884 0.01904296875 0.04696132596685083
0 0.24658203125 0.5089779005524862 0.0107421875 0.017955801104972375
0 0.2587890625 0.4796270718232044 0.009765625 0.020718232044198894
0 0.221435546875 0.4951657458563536 0.01025390625 0.018646408839779006
0 0.2744140625 0.5521408839779005 0.01025390625 0.022099447513812154
0 0.302734375 0.5587016574585635 0.00732421875 0.016574585635359115
0 0.30615234375 0.5832182320441989 0.0107421875 0.018646408839779006
0 0.306396484375 0.525207182320442 0.0107421875 0.022790055248618785
0 0.31640625 0.5013812154696132 0.0107421875 0.018646408839779006
0 0.34375 0.5179558011049724 0.01025390625 0.020027624309392266
0 0.34423828125 0.4955110497237569 0.01025390625 0.019337016574585635
0 0.25 0.4116022099447514 0.0107421875 0.023480662983425413
0 0.25927734375 0.39433701657458564 0.009765625 0.017955801104972375
0 0.26123046875 0.36636740331491713 0.0146484375 0.020027624309392266
0 0.249755859375 0.3525552486187845 0.01025390625 0.018646408839779006
0 0.21923828125 0.3421961325966851 0.0107421875 0.020027624309392266
0 0.242919921875 0.31837016574585636 0.01025390625 0.021408839779005526
0 0.263671875 0.32734806629834257 0.01220703125 0.022790055248618785
0 0.277587890625 0.29454419889502764 0.01123046875 0.017265193370165747
0 0.259033203125 0.2821132596685083 0.01171875 0.019337016574585635
0 0.2763671875 0.23653314917127072 0.0126953125 0.021408839779005526
0 0.31396484375 0.30386740331491713 0.009765625 0.022790055248618785
0 0.30419921875 0.33529005524861877 0.01220703125 0.019337016574585635
0 0.301025390625 0.35773480662983426 0.01025390625 0.020718232044198894
0 0.288818359375 0.3843232044198895 0.01513671875 0.04281767955801105
0 0.3017578125 0.3926104972375691 0.01220703125 0.027624309392265192
0 0.3173828125 0.37465469613259667 0.009765625 0.019337016574585635
0 0.3359375 0.35773480662983426 0.01025390625 0.017265193370165747
0 0.342041015625 0.31629834254143646 0.01123046875 0.020718232044198894
0 0.26318359375 0.4381906077348066 0.0107421875 0.023480662983425413
0 0.263427734375 0.20096685082872928 0.01220703125 0.022099447513812154
0 0.27587890625 0.18819060773480664 0.009765625 0.021408839779005526
0 0.341796875 0.22548342541436464 0.01025390625 0.031077348066298343
0 0.368896484375 0.10911602209944751 0.0205078125 0.060082872928176795
0 0.587646484375 0.8228591160220995 0.013671875 0.013812154696132596
0 0.607421875 0.8446132596685083 0.015625 0.017265193370165747
0 0.625732421875 0.8656767955801105 0.01416015625 0.013121546961325966
0 0.637939453125 0.880524861878453 0.013671875 0.011049723756906077
0 0.647705078125 0.8846685082872928 0.01416015625 0.013812154696132596
0 0.670166015625 0.8853591160220995 0.017578125 0.013121546961325966
0 0.685791015625 0.8774171270718232 0.013671875 0.011740331491712707
0 0.65966796875 0.8653314917127072 0.01953125 0.013812154696132596
0 0.642822265625 0.8466850828729282 0.013671875 0.013812154696132596
0 0.64990234375 0.8238950276243094 0.01171875 0.012430939226519336
0 0.630126953125 0.8049033149171271 0.0107421875 0.011049723756906077
0 0.6064453125 0.7907458563535912 0.015625 0.015193370165745856
0 0.62548828125 0.7821132596685083 0.015625 0.012430939226519336
0 0.635986328125 0.7700276243093923 0.013671875 0.012430939226519336
0 0.6572265625 0.7772790055248618 0.01708984375 0.015193370165745856
0 0.673583984375 0.7890193370165746 0.013671875 0.012430939226519336
0 0.691650390625 0.7810773480662984 0.01611328125 0.013121546961325966
0 0.71044921875 0.7714088397790055 0.01513671875 0.012430939226519336
0 0.685302734375 0.7665745856353591 0.02685546875 0.016574585635359115
0 0.67333984375 0.7430939226519337 0.0126953125 0.011049723756906077
0 0.739990234375 0.8580801104972375 0.01318359375 0.011740331491712707
0 0.7197265625 0.8663674033149171 0.01416015625 0.015193370165745856
0 0.726318359375 0.8798342541436464 0.0126953125 0.011740331491712707
0 0.7392578125 0.8756906077348067 0.01513671875 0.014502762430939226
0 0.760498046875 0.8812154696132597 0.0126953125 0.013121546961325966
0 0.779541015625 0.8998618784530387 0.0146484375 0.03798342541436464
0 0.7666015625 0.8345994475138122 0.0166015625 0.014502762430939226
0 0.750244140625 0.8339088397790055 0.01416015625 0.015193370165745856
0 0.730712890625 0.7969613259668509 0.01708984375 0.013812154696132596
0 0.72314453125 0.8238950276243094 0.0146484375 0.013121546961325966
0 0.5078125 0.5214088397790055 0.01611328125 0.014502762430939226
0 0.48583984375 0.4927486187845304 0.01318359375 0.015883977900552487
0 0.530029296875 0.5718232044198895 0.01171875 0.015883977900552487
0 0.542236328125 0.35773480662983426 0.01953125 0.021408839779005526
0 0.545166015625 0.3401243093922652 0.01708984375 0.015193370165745856
0 0.54638671875 0.3235497237569061 0.01708984375 0.015193370165745856
0 0.557861328125 0.2969613259668508 0.015625 0.016574585635359115
0 0.5986328125 0.3729281767955801 0.0185546875 0.015193370165745856
0 0.578369140625 0.3504834254143646 0.0185546875 0.017265193370165747
0 0.5732421875 0.275207182320442 0.0146484375 0.015883977900552487
0 0.55615234375 0.25863259668508287 0.01806640625 0.013812154696132596
0 0.56689453125 0.2544889502762431 0.0146484375 0.012430939226519336
0 0.56787109375 0.24033149171270718 0.015625 0.013121546961325966
0 0.571044921875 0.224792817679558 0.01611328125 0.013812154696132596
0 0.56689453125 0.2058011049723757 0.0146484375 0.014502762430939226
0 0.790771484375 0.41609116022099446 0.0361328125 0.024171270718232045